100
1.801216e+01
2.903082e+01
1.000000e+00
1.000000e+00
1.000000e+00
3.277003e+00
2.607269e+01
1.000000e+00
1.000000e+00
1.000000e+00
4.779733e+00
2.407811e+01
1.000000e+00
1.000000e+00
1.000000e+00
9.395610e+00
1.187053e+01
1.000000e+00
1.000000e+00
1.000000e+00
1.367071e+01
1.597026e+01
1.000000e+00
1.000000e+00
1.000000e+00
2.235025e+01
2.910126e+01
1.000000e+00
1.000000e+00
1.000000e+00
2.876260e+01
2.655849e+00
1.000000e+00
1.000000e+00
1.000000e+00
6.152506e-01
1.592200e+00
1.000000e+00
1.000000e+00
1.000000e+00
2.693649e+01
2.698563e+01
1.000000e+00
1.000000e+00
1.000000e+00
1.191510e+00
1.257432e+01
1.000000e+00
1.000000e+00
1.000000e+00
5.514026e+00
6.595601e+00
1.000000e+00
1.000000e+00
1.000000e+00
2.335172e+01
1.868374e+01
1.000000e+00
1.000000e+00
1.000000e+00
1.226934e+01
1.379810e+01
1.000000e+00
1.000000e+00
1.000000e+00
1.805481e+01
2.506598e+01
1.000000e+00
1.000000e+00
1.000000e+00
1.689980e+01
6.066970e+00
1.000000e+00
1.000000e+00
1.000000e+00
2.139660e+00
2.887653e+01
1.000000e+00
1.000000e+00
1.000000e+00
1.425492e+01
1.153527e+01
1.000000e+00
1.000000e+00
1.000000e+00
1.074706e+01
2.792563e+01
1.000000e+00
1.000000e+00
1.000000e+00
5.753156e+00
2.764214e+01
1.000000e+00
1.000000e+00
1.000000e+00
2.462777e+01
2.905184e+01
1.000000e+00
1.000000e+00
1.000000e+00
1.526397e+01
1.417954e-01
1.000000e+00
1.000000e+00
1.000000e+00
1.882553e+01
7.856578e+00
1.000000e+00
1.000000e+00
1.000000e+00
2.246035e+01
1.094876e+00
1.000000e+00
1.000000e+00
1.000000e+00
2.165467e+01
1.051516e+01
1.000000e+00
1.000000e+00
1.000000e+00
2.616085e+01
8.554475e+00
1.000000e+00
1.000000e+00
1.000000e+00
1.658213e+01
2.025765e+01
1.000000e+00
1.000000e+00
1.000000e+00
2.873128e+01
1.872179e+01
1.000000e+00
1.000000e+00
1.000000e+00
1.913419e+01
1.298620e+01
1.000000e+00
1.000000e+00
1.000000e+00
2.978554e+00
7.938715e+00
1.000000e+00
1.000000e+00
1.000000e+00
5.580856e+00
2.189105e+01
1.000000e+00
1.000000e+00
1.000000e+00
1.142136e+01
2.086254e-01
1.000000e+00
1.000000e+00
1.000000e+00
2.094289e+01
2.668533e+01
1.000000e+00
1.000000e+00
1.000000e+00
3.504208e-01
2.659033e+01
1.000000e+00
1.000000e+00
1.000000e+00
5.301010e+00
1.917596e+01
1.000000e+00
1.000000e+00
1.000000e+00
8.276519e+00
1.643169e+01
1.000000e+00
1.000000e+00
1.000000e+00
6.689339e+00
3.387336e+00
1.000000e+00
1.000000e+00
1.000000e+00
1.358043e+01
2.582353e+01
1.000000e+00
1.000000e+00
1.000000e+00
1.637353e+01
1.383749e+01
1.000000e+00
1.000000e+00
1.000000e+00
7.415036e+00
1.080493e+01
1.000000e+00
1.000000e+00
1.000000e+00
1.101355e+01
1.846473e+01
1.000000e+00
1.000000e+00
1.000000e+00
5.399303e-01
1.950197e+01
1.000000e+00
1.000000e+00
1.000000e+00
1.560355e+01
2.686061e+01
1.000000e+00
1.000000e+00
1.000000e+00
7.242447e+00
2.025960e+01
1.000000e+00
1.000000e+00
1.000000e+00
2.171926e+01
1.393179e+01
1.000000e+00
1.000000e+00
1.000000e+00
2.364694e+01
5.299693e+00
1.000000e+00
1.000000e+00
1.000000e+00
1.913719e+01
5.460086e+00
1.000000e+00
1.000000e+00
1.000000e+00
7.305831e+00
7.372649e-01
1.000000e+00
1.000000e+00
1.000000e+00
4.143412e+00
1.252990e+01
1.000000e+00
1.000000e+00
1.000000e+00
3.948439e-01
4.348386e+00
1.000000e+00
1.000000e+00
1.000000e+00
2.627796e+01
1.544546e+01
1.000000e+00
1.000000e+00
1.000000e+00
2.396118e+01
1.169000e+01
1.000000e+00
1.000000e+00
1.000000e+00
1.546595e+01
9.673537e+00
1.000000e+00
1.000000e+00
1.000000e+00
1.909969e+01
2.220525e+01
1.000000e+00
1.000000e+00
1.000000e+00
1.752864e+01
2.988880e+00
1.000000e+00
1.000000e+00
1.000000e+00
2.852656e+01
9.712645e+00
1.000000e+00
1.000000e+00
1.000000e+00
2.361591e+01
1.553167e+01
1.000000e+00
1.000000e+00
1.000000e+00
2.772312e+01
1.281886e+01
1.000000e+00
1.000000e+00
1.000000e+00
2.115900e+01
6.976952e+00
1.000000e+00
1.000000e+00
1.000000e+00
1.791341e+01
2.364025e-01
1.000000e+00
1.000000e+00
1.000000e+00
1.568187e+01
2.372759e+01
1.000000e+00
1.000000e+00
1.000000e+00
3.804156e+00
5.017233e+00
1.000000e+00
1.000000e+00
1.000000e+00
2.818948e+01
2.364796e+01
1.000000e+00
1.000000e+00
1.000000e+00
2.164620e+01
2.180538e+01
1.000000e+00
1.000000e+00
1.000000e+00
2.353467e+01
2.578324e+01
1.000000e+00
1.000000e+00
1.000000e+00
2.601964e+01
4.253891e+00
1.000000e+00
1.000000e+00
1.000000e+00
2.798149e+01
2.944360e+01
1.000000e+00
1.000000e+00
1.000000e+00
2.139600e+01
1.761591e+01
1.000000e+00
1.000000e+00
1.000000e+00
7.694656e+00
2.307364e+01
1.000000e+00
1.000000e+00
1.000000e+00
4.334039e+00
1.692755e+01
1.000000e+00
1.000000e+00
1.000000e+00
1.020962e+01
1.522851e+01
1.000000e+00
1.000000e+00
1.000000e+00
2.028235e+00
1.011451e+01
1.000000e+00
1.000000e+00
1.000000e+00
2.522412e+01
2.023868e+00
1.000000e+00
1.000000e+00
1.000000e+00
5.075301e+00
1.104528e+00
1.000000e+00
1.000000e+00
1.000000e+00
1.082742e+01
2.219382e+01
1.000000e+00
1.000000e+00
1.000000e+00
2.968448e+01
1.599758e+01
1.000000e+00
1.000000e+00
1.000000e+00
1.317622e+01
2.153335e+01
1.000000e+00
1.000000e+00
1.000000e+00
4.245046e-01
2.246826e+01
1.000000e+00
1.000000e+00
1.000000e+00
1.095481e+00
1.618752e+01
1.000000e+00
1.000000e+00
1.000000e+00
7.856501e+00
2.829244e+01
1.000000e+00
1.000000e+00
1.000000e+00
2.581760e+01
2.413922e+01
1.000000e+00
1.000000e+00
1.000000e+00
1.790856e+01
1.634656e+01
1.000000e+00
1.000000e+00
1.000000e+00
2.923496e+01
5.866142e+00
1.000000e+00
1.000000e+00
1.000000e+00
1.297355e+01
9.631401e+00
1.000000e+00
1.000000e+00
1.000000e+00
1.810233e+01
1.053270e+01
1.000000e+00
1.000000e+00
1.000000e+00
1.456380e+01
6.493706e+00
1.000000e+00
1.000000e+00
1.000000e+00
1.432253e+00
2.465526e+01
1.000000e+00
1.000000e+00
1.000000e+00
4.286663e+00
9.879256e+00
1.000000e+00
1.000000e+00
1.000000e+00
9.066743e+00
8.494151e+00
1.000000e+00
1.000000e+00
1.000000e+00
2.676953e+01
2.186708e+01
1.000000e+00
1.000000e+00
1.000000e+00
3.280115e+00
2.093223e+01
1.000000e+00
1.000000e+00
1.000000e+00
1.388160e+01
2.831588e+01
1.000000e+00
1.000000e+00
1.000000e+00
1.972565e+01
1.942349e+01
1.000000e+00
1.000000e+00
1.000000e+00
8.028219e+00
2.586440e+01
1.000000e+00
1.000000e+00
1.000000e+00
1.230034e+01
3.129928e+00
1.000000e+00
1.000000e+00
1.000000e+00
7.317152e+00
1.308446e+01
1.000000e+00
1.000000e+00
1.000000e+00
2.390364e+01
2.110249e+01
1.000000e+00
1.000000e+00
1.000000e+00
2.813630e+00
1.330856e+00
1.000000e+00
1.000000e+00
1.000000e+00
2.639654e+01
1.860175e+01
1.000000e+00
1.000000e+00
1.000000e+00
2.054396e+01
2.477032e+00
1.000000e+00
1.000000e+00
1.000000e+00
8.960954e+00
3.437818e+00
1.000000e+00
1.000000e+00
1.000000e+00
