200
1.200000e+00
2.000000e-01
2.000000e-01
2.000000e-01
2.000000e-01
2.000000e-01
1.200000e+00
2.000000e-01
2.000000e-01
2.000000e-01
1.200000e+00
2.200000e+00
2.000000e-01
2.000000e-01
2.000000e-01
2.000000e-01
3.200000e+00
2.000000e-01
2.000000e-01
2.000000e-01
1.200000e+00
4.200000e+00
2.000000e-01
2.000000e-01
2.000000e-01
2.000000e-01
5.200000e+00
2.000000e-01
2.000000e-01
2.000000e-01
1.200000e+00
6.200000e+00
2.000000e-01
2.000000e-01
2.000000e-01
2.000000e-01
7.200000e+00
2.000000e-01
2.000000e-01
2.000000e-01
1.200000e+00
8.200000e+00
2.000000e-01
2.000000e-01
2.000000e-01
2.000000e-01
9.200000e+00
2.000000e-01
2.000000e-01
2.000000e-01
1.200000e+00
1.020000e+01
2.000000e-01
2.000000e-01
2.000000e-01
2.000000e-01
1.120000e+01
2.000000e-01
2.000000e-01
2.000000e-01
1.200000e+00
1.220000e+01
2.000000e-01
2.000000e-01
2.000000e-01
2.000000e-01
1.320000e+01
2.000000e-01
2.000000e-01
2.000000e-01
1.200000e+00
1.420000e+01
2.000000e-01
2.000000e-01
2.000000e-01
2.000000e-01
1.520000e+01
2.000000e-01
2.000000e-01
2.000000e-01
1.200000e+00
1.620000e+01
2.000000e-01
2.000000e-01
2.000000e-01
2.000000e-01
1.720000e+01
2.000000e-01
2.000000e-01
2.000000e-01
1.200000e+00
1.820000e+01
2.000000e-01
2.000000e-01
2.000000e-01
2.000000e-01
1.920000e+01
2.000000e-01
2.000000e-01
2.000000e-01
3.200000e+00
2.000000e-01
2.000000e-01
2.000000e-01
2.000000e-01
2.200000e+00
1.200000e+00
2.000000e-01
2.000000e-01
2.000000e-01
3.200000e+00
2.200000e+00
2.000000e-01
2.000000e-01
2.000000e-01
2.200000e+00
3.200000e+00
2.000000e-01
2.000000e-01
2.000000e-01
3.200000e+00
4.200000e+00
2.000000e-01
2.000000e-01
2.000000e-01
2.200000e+00
5.200000e+00
2.000000e-01
2.000000e-01
2.000000e-01
3.200000e+00
6.200000e+00
2.000000e-01
2.000000e-01
2.000000e-01
2.200000e+00
7.200000e+00
2.000000e-01
2.000000e-01
2.000000e-01
3.200000e+00
8.200000e+00
2.000000e-01
2.000000e-01
2.000000e-01
2.200000e+00
9.200000e+00
2.000000e-01
2.000000e-01
2.000000e-01
3.200000e+00
1.020000e+01
2.000000e-01
2.000000e-01
2.000000e-01
2.200000e+00
1.120000e+01
2.000000e-01
2.000000e-01
2.000000e-01
3.200000e+00
1.220000e+01
2.000000e-01
2.000000e-01
2.000000e-01
2.200000e+00
1.320000e+01
2.000000e-01
2.000000e-01
2.000000e-01
3.200000e+00
1.420000e+01
2.000000e-01
2.000000e-01
2.000000e-01
2.200000e+00
1.520000e+01
2.000000e-01
2.000000e-01
2.000000e-01
3.200000e+00
1.620000e+01
2.000000e-01
2.000000e-01
2.000000e-01
2.200000e+00
1.720000e+01
2.000000e-01
2.000000e-01
2.000000e-01
3.200000e+00
1.820000e+01
2.000000e-01
2.000000e-01
2.000000e-01
2.200000e+00
1.920000e+01
2.000000e-01
2.000000e-01
2.000000e-01
5.200000e+00
2.000000e-01
2.000000e-01
2.000000e-01
2.000000e-01
4.200000e+00
1.200000e+00
2.000000e-01
2.000000e-01
2.000000e-01
5.200000e+00
2.200000e+00
2.000000e-01
2.000000e-01
2.000000e-01
4.200000e+00
3.200000e+00
2.000000e-01
2.000000e-01
2.000000e-01
5.200000e+00
4.200000e+00
2.000000e-01
2.000000e-01
2.000000e-01
4.200000e+00
5.200000e+00
2.000000e-01
2.000000e-01
2.000000e-01
5.200000e+00
6.200000e+00
2.000000e-01
2.000000e-01
2.000000e-01
4.200000e+00
7.200000e+00
2.000000e-01
2.000000e-01
2.000000e-01
5.200000e+00
8.200000e+00
2.000000e-01
2.000000e-01
2.000000e-01
4.200000e+00
9.200000e+00
2.000000e-01
2.000000e-01
2.000000e-01
5.200000e+00
1.020000e+01
2.000000e-01
2.000000e-01
2.000000e-01
4.200000e+00
1.120000e+01
2.000000e-01
2.000000e-01
2.000000e-01
5.200000e+00
1.220000e+01
2.000000e-01
2.000000e-01
2.000000e-01
4.200000e+00
1.320000e+01
2.000000e-01
2.000000e-01
2.000000e-01
5.200000e+00
1.420000e+01
2.000000e-01
2.000000e-01
2.000000e-01
4.200000e+00
1.520000e+01
2.000000e-01
2.000000e-01
2.000000e-01
5.200000e+00
1.620000e+01
2.000000e-01
2.000000e-01
2.000000e-01
4.200000e+00
1.720000e+01
2.000000e-01
2.000000e-01
2.000000e-01
5.200000e+00
1.820000e+01
2.000000e-01
2.000000e-01
2.000000e-01
4.200000e+00
1.920000e+01
2.000000e-01
2.000000e-01
2.000000e-01
7.200000e+00
2.000000e-01
2.000000e-01
2.000000e-01
2.000000e-01
6.200000e+00
1.200000e+00
2.000000e-01
2.000000e-01
2.000000e-01
7.200000e+00
2.200000e+00
2.000000e-01
2.000000e-01
2.000000e-01
6.200000e+00
3.200000e+00
2.000000e-01
2.000000e-01
2.000000e-01
7.200000e+00
4.200000e+00
2.000000e-01
2.000000e-01
2.000000e-01
6.200000e+00
5.200000e+00
2.000000e-01
2.000000e-01
2.000000e-01
7.200000e+00
6.200000e+00
2.000000e-01
2.000000e-01
2.000000e-01
6.200000e+00
7.200000e+00
2.000000e-01
2.000000e-01
2.000000e-01
7.200000e+00
8.200000e+00
2.000000e-01
2.000000e-01
2.000000e-01
6.200000e+00
9.200000e+00
2.000000e-01
2.000000e-01
2.000000e-01
7.200000e+00
1.020000e+01
2.000000e-01
2.000000e-01
2.000000e-01
6.200000e+00
1.120000e+01
2.000000e-01
2.000000e-01
2.000000e-01
7.200000e+00
1.220000e+01
2.000000e-01
2.000000e-01
2.000000e-01
6.200000e+00
1.320000e+01
2.000000e-01
2.000000e-01
2.000000e-01
7.200000e+00
1.420000e+01
2.000000e-01
2.000000e-01
2.000000e-01
6.200000e+00
1.520000e+01
2.000000e-01
2.000000e-01
2.000000e-01
7.200000e+00
1.620000e+01
2.000000e-01
2.000000e-01
2.000000e-01
6.200000e+00
1.720000e+01
2.000000e-01
2.000000e-01
2.000000e-01
7.200000e+00
1.820000e+01
2.000000e-01
2.000000e-01
2.000000e-01
6.200000e+00
1.920000e+01
2.000000e-01
2.000000e-01
2.000000e-01
9.200000e+00
2.000000e-01
2.000000e-01
2.000000e-01
2.000000e-01
8.200000e+00
1.200000e+00
2.000000e-01
2.000000e-01
2.000000e-01
9.200000e+00
2.200000e+00
2.000000e-01
2.000000e-01
2.000000e-01
8.200000e+00
3.200000e+00
2.000000e-01
2.000000e-01
2.000000e-01
9.200000e+00
4.200000e+00
2.000000e-01
2.000000e-01
2.000000e-01
8.200000e+00
5.200000e+00
2.000000e-01
2.000000e-01
2.000000e-01
9.200000e+00
6.200000e+00
2.000000e-01
2.000000e-01
2.000000e-01
8.200000e+00
7.200000e+00
2.000000e-01
2.000000e-01
2.000000e-01
9.200000e+00
8.200000e+00
2.000000e-01
2.000000e-01
2.000000e-01
8.200000e+00
9.200000e+00
2.000000e-01
2.000000e-01
2.000000e-01
9.200000e+00
1.020000e+01
2.000000e-01
2.000000e-01
2.000000e-01
8.200000e+00
1.120000e+01
2.000000e-01
2.000000e-01
2.000000e-01
9.200000e+00
1.220000e+01
2.000000e-01
2.000000e-01
2.000000e-01
8.200000e+00
1.320000e+01
2.000000e-01
2.000000e-01
2.000000e-01
9.200000e+00
1.420000e+01
2.000000e-01
2.000000e-01
2.000000e-01
8.200000e+00
1.520000e+01
2.000000e-01
2.000000e-01
2.000000e-01
9.200000e+00
1.620000e+01
2.000000e-01
2.000000e-01
2.000000e-01
8.200000e+00
1.720000e+01
2.000000e-01
2.000000e-01
2.000000e-01
9.200000e+00
1.820000e+01
2.000000e-01
2.000000e-01
2.000000e-01
8.200000e+00
1.920000e+01
2.000000e-01
2.000000e-01
2.000000e-01
1.120000e+01
2.000000e-01
2.000000e-01
2.000000e-01
2.000000e-01
1.020000e+01
1.200000e+00
2.000000e-01
2.000000e-01
2.000000e-01
1.120000e+01
2.200000e+00
2.000000e-01
2.000000e-01
2.000000e-01
1.020000e+01
3.200000e+00
2.000000e-01
2.000000e-01
2.000000e-01
1.120000e+01
4.200000e+00
2.000000e-01
2.000000e-01
2.000000e-01
1.020000e+01
5.200000e+00
2.000000e-01
2.000000e-01
2.000000e-01
1.120000e+01
6.200000e+00
2.000000e-01
2.000000e-01
2.000000e-01
1.020000e+01
7.200000e+00
2.000000e-01
2.000000e-01
2.000000e-01
1.120000e+01
8.200000e+00
2.000000e-01
2.000000e-01
2.000000e-01
1.020000e+01
9.200000e+00
2.000000e-01
2.000000e-01
2.000000e-01
1.120000e+01
1.020000e+01
2.000000e-01
2.000000e-01
2.000000e-01
1.020000e+01
1.120000e+01
2.000000e-01
2.000000e-01
2.000000e-01
1.120000e+01
1.220000e+01
2.000000e-01
2.000000e-01
2.000000e-01
1.020000e+01
1.320000e+01
2.000000e-01
2.000000e-01
2.000000e-01
1.120000e+01
1.420000e+01
2.000000e-01
2.000000e-01
2.000000e-01
1.020000e+01
1.520000e+01
2.000000e-01
2.000000e-01
2.000000e-01
1.120000e+01
1.620000e+01
2.000000e-01
2.000000e-01
2.000000e-01
1.020000e+01
1.720000e+01
2.000000e-01
2.000000e-01
2.000000e-01
1.120000e+01
1.820000e+01
2.000000e-01
2.000000e-01
2.000000e-01
1.020000e+01
1.920000e+01
2.000000e-01
2.000000e-01
2.000000e-01
1.320000e+01
2.000000e-01
2.000000e-01
2.000000e-01
2.000000e-01
1.220000e+01
1.200000e+00
2.000000e-01
2.000000e-01
2.000000e-01
1.320000e+01
2.200000e+00
2.000000e-01
2.000000e-01
2.000000e-01
1.220000e+01
3.200000e+00
2.000000e-01
2.000000e-01
2.000000e-01
1.320000e+01
4.200000e+00
2.000000e-01
2.000000e-01
2.000000e-01
1.220000e+01
5.200000e+00
2.000000e-01
2.000000e-01
2.000000e-01
1.320000e+01
6.200000e+00
2.000000e-01
2.000000e-01
2.000000e-01
1.220000e+01
7.200000e+00
2.000000e-01
2.000000e-01
2.000000e-01
1.320000e+01
8.200000e+00
2.000000e-01
2.000000e-01
2.000000e-01
1.220000e+01
9.200000e+00
2.000000e-01
2.000000e-01
2.000000e-01
1.320000e+01
1.020000e+01
2.000000e-01
2.000000e-01
2.000000e-01
1.220000e+01
1.120000e+01
2.000000e-01
2.000000e-01
2.000000e-01
1.320000e+01
1.220000e+01
2.000000e-01
2.000000e-01
2.000000e-01
1.220000e+01
1.320000e+01
2.000000e-01
2.000000e-01
2.000000e-01
1.320000e+01
1.420000e+01
2.000000e-01
2.000000e-01
2.000000e-01
1.220000e+01
1.520000e+01
2.000000e-01
2.000000e-01
2.000000e-01
1.320000e+01
1.620000e+01
2.000000e-01
2.000000e-01
2.000000e-01
1.220000e+01
1.720000e+01
2.000000e-01
2.000000e-01
2.000000e-01
1.320000e+01
1.820000e+01
2.000000e-01
2.000000e-01
2.000000e-01
1.220000e+01
1.920000e+01
2.000000e-01
2.000000e-01
2.000000e-01
1.520000e+01
2.000000e-01
2.000000e-01
2.000000e-01
2.000000e-01
1.420000e+01
1.200000e+00
2.000000e-01
2.000000e-01
2.000000e-01
1.520000e+01
2.200000e+00
2.000000e-01
2.000000e-01
2.000000e-01
1.420000e+01
3.200000e+00
2.000000e-01
2.000000e-01
2.000000e-01
1.520000e+01
4.200000e+00
2.000000e-01
2.000000e-01
2.000000e-01
1.420000e+01
5.200000e+00
2.000000e-01
2.000000e-01
2.000000e-01
1.520000e+01
6.200000e+00
2.000000e-01
2.000000e-01
2.000000e-01
1.420000e+01
7.200000e+00
2.000000e-01
2.000000e-01
2.000000e-01
1.520000e+01
8.200000e+00
2.000000e-01
2.000000e-01
2.000000e-01
1.420000e+01
9.200000e+00
2.000000e-01
2.000000e-01
2.000000e-01
1.520000e+01
1.020000e+01
2.000000e-01
2.000000e-01
2.000000e-01
1.420000e+01
1.120000e+01
2.000000e-01
2.000000e-01
2.000000e-01
1.520000e+01
1.220000e+01
2.000000e-01
2.000000e-01
2.000000e-01
1.420000e+01
1.320000e+01
2.000000e-01
2.000000e-01
2.000000e-01
1.520000e+01
1.420000e+01
2.000000e-01
2.000000e-01
2.000000e-01
1.420000e+01
1.520000e+01
2.000000e-01
2.000000e-01
2.000000e-01
1.520000e+01
1.620000e+01
2.000000e-01
2.000000e-01
2.000000e-01
1.420000e+01
1.720000e+01
2.000000e-01
2.000000e-01
2.000000e-01
1.520000e+01
1.820000e+01
2.000000e-01
2.000000e-01
2.000000e-01
1.420000e+01
1.920000e+01
2.000000e-01
2.000000e-01
2.000000e-01
1.720000e+01
2.000000e-01
2.000000e-01
2.000000e-01
2.000000e-01
1.620000e+01
1.200000e+00
2.000000e-01
2.000000e-01
2.000000e-01
1.720000e+01
2.200000e+00
2.000000e-01
2.000000e-01
2.000000e-01
1.620000e+01
3.200000e+00
2.000000e-01
2.000000e-01
2.000000e-01
1.720000e+01
4.200000e+00
2.000000e-01
2.000000e-01
2.000000e-01
1.620000e+01
5.200000e+00
2.000000e-01
2.000000e-01
2.000000e-01
1.720000e+01
6.200000e+00
2.000000e-01
2.000000e-01
2.000000e-01
1.620000e+01
7.200000e+00
2.000000e-01
2.000000e-01
2.000000e-01
1.720000e+01
8.200000e+00
2.000000e-01
2.000000e-01
2.000000e-01
1.620000e+01
9.200000e+00
2.000000e-01
2.000000e-01
2.000000e-01
1.720000e+01
1.020000e+01
2.000000e-01
2.000000e-01
2.000000e-01
1.620000e+01
1.120000e+01
2.000000e-01
2.000000e-01
2.000000e-01
1.720000e+01
1.220000e+01
2.000000e-01
2.000000e-01
2.000000e-01
1.620000e+01
1.320000e+01
2.000000e-01
2.000000e-01
2.000000e-01
1.720000e+01
1.420000e+01
2.000000e-01
2.000000e-01
2.000000e-01
1.620000e+01
1.520000e+01
2.000000e-01
2.000000e-01
2.000000e-01
1.720000e+01
1.620000e+01
2.000000e-01
2.000000e-01
2.000000e-01
1.620000e+01
1.720000e+01
2.000000e-01
2.000000e-01
2.000000e-01
1.720000e+01
1.820000e+01
2.000000e-01
2.000000e-01
2.000000e-01
1.620000e+01
1.920000e+01
2.000000e-01
2.000000e-01
2.000000e-01
1.920000e+01
2.000000e-01
2.000000e-01
2.000000e-01
2.000000e-01
1.820000e+01
1.200000e+00
2.000000e-01
2.000000e-01
2.000000e-01
1.920000e+01
2.200000e+00
2.000000e-01
2.000000e-01
2.000000e-01
1.820000e+01
3.200000e+00
2.000000e-01
2.000000e-01
2.000000e-01
1.920000e+01
4.200000e+00
2.000000e-01
2.000000e-01
2.000000e-01
1.820000e+01
5.200000e+00
2.000000e-01
2.000000e-01
2.000000e-01
1.920000e+01
6.200000e+00
2.000000e-01
2.000000e-01
2.000000e-01
1.820000e+01
7.200000e+00
2.000000e-01
2.000000e-01
2.000000e-01
1.920000e+01
8.200000e+00
2.000000e-01
2.000000e-01
2.000000e-01
1.820000e+01
9.200000e+00
2.000000e-01
2.000000e-01
2.000000e-01
1.920000e+01
1.020000e+01
2.000000e-01
2.000000e-01
2.000000e-01
1.820000e+01
1.120000e+01
2.000000e-01
2.000000e-01
2.000000e-01
1.920000e+01
1.220000e+01
2.000000e-01
2.000000e-01
2.000000e-01
1.820000e+01
1.320000e+01
2.000000e-01
2.000000e-01
2.000000e-01
1.920000e+01
1.420000e+01
2.000000e-01
2.000000e-01
2.000000e-01
1.820000e+01
1.520000e+01
2.000000e-01
2.000000e-01
2.000000e-01
1.920000e+01
1.620000e+01
2.000000e-01
2.000000e-01
2.000000e-01
1.820000e+01
1.720000e+01
2.000000e-01
2.000000e-01
2.000000e-01
1.920000e+01
1.820000e+01
2.000000e-01
2.000000e-01
2.000000e-01
1.820000e+01
1.920000e+01
2.000000e-01
2.000000e-01
2.000000e-01
