11.271362 3.865967
11.699829 9.597168
17.918701 16.456299
3.482056 17.178345
10.270386 6.079712
1.828003 7.288818
3.317871 19.769897
2.381592 0.093384
7.557373 10.632935
12.034912 12.142944
13.260498 9.015503
1.140747 12.153320
16.051636 10.397339
17.518921 14.533081
18.513794 10.786743
9.241333 4.706421
4.191895 15.592651
19.935303 19.993286
7.848511 5.324097
16.802368 0.474854
1.852417 13.543701
0.175781 18.375244
5.457764 11.757813
16.751709 14.529419
4.107056 14.874268
9.158936 18.982544
2.165527 11.980591
14.699707 12.178955
7.226563 3.031006
8.502808 16.057129
19.799194 15.030518
3.379517 13.145752
1.270752 13.994751
2.949829 18.991089
18.101807 13.857422
8.530884 1.407471
13.663330 3.064575
16.433105 11.640625
3.557739 16.343384
3.110962 10.078125
8.111572 5.591431
13.644409 15.116577
9.505615 2.460327
16.693115 0.701904
13.259277 8.524170
18.986206 18.427124
6.919556 9.434204
16.939087 6.337280
5.437622 19.658813
14.783325 11.345215
15.225830 16.788330
10.017700 17.802734
19.891968 11.451416
10.626221 3.881226
12.534790 13.151855
16.842651 2.466431
14.862061 6.281128
5.721436 6.726074
14.661255 16.691895
12.004395 14.943848
2.889404 0.032349
16.124268 17.052002
2.312012 11.063843
2.275391 9.089966
13.722534 10.868530
8.734131 4.038696
5.806885 8.733521
11.557007 10.651245
19.260254 13.914795
3.798828 6.718750
19.902954 9.148560
1.950073 12.503052
8.754272 18.629761
17.891846 5.800171
15.380859 8.214111
12.561035 12.082520
9.326782 11.956177
17.095337 16.575317
14.417725 11.314697
3.685303 14.757690
18.101196 4.857178
12.094116 13.969727
7.025757 9.888916
12.407227 13.822021
2.982178 11.520386
18.230591 12.293701
0.864258 13.355103
6.300049 11.383667
3.478394 2.171021
17.023926 14.885864
6.538086 1.586914
12.819214 16.399536
8.964844 8.179321
9.310913 10.023804
6.460571 14.759521
16.533203 19.180908
14.500122 6.000977
2.544556 1.314697
10.491333 12.192383
1.445313 17.512207
6.442261 2.095947
4.541626 5.805664
11.022949 13.255615
9.850464 7.582397
15.866699 10.184937
13.762817 10.642700
7.903442 0.117798
17.264404 9.829712
15.706787 11.055908
19.113770 12.616577
7.484741 2.632446
19.033813 12.239380
6.596680 1.118164
2.632446 16.940918
11.937256 14.432373
0.293579 2.529297
12.342529 4.351196
3.378296 12.481689
6.387939 7.351074
16.047363 16.137085
12.221680 15.963135
2.896118 12.603149
5.073853 2.730713
1.323242 8.555908
6.045532 10.960693
6.226807 2.212524
2.694092 5.684814
17.904053 15.792236
12.304077 7.222290
4.569702 17.271118
4.990845 10.847778
1.076050 1.628418
8.535767 1.893311
17.830200 4.655151
2.501831 18.632202
0.941772 1.174316
18.293457 7.971802
18.922729 16.743164
16.841431 13.870239
5.183105 0.086670
19.095459 7.973633
11.710815 5.102539
18.905029 8.709717
0.143433 18.818970
15.722656 11.533203
4.446411 7.659912
8.358154 1.644897
17.101440 1.296997
13.240967 13.829346
10.602417 13.712158
13.789673 14.557495
0.621338 17.373047
14.130859 1.708984
18.957520 1.175537
2.903442 19.635010
5.844727 18.449097
13.890381 4.372559
4.810791 10.428467
2.128296 18.052368
1.602173 15.641479
19.487305 15.516968
4.212646 9.132080
15.012207 2.280884
6.222534 19.851685
5.041504 3.785400
3.070068 12.406006
18.781128 3.912964
12.910767 13.134766
9.108887 18.425293
11.390381 8.440552
10.811157 11.571045
5.105591 7.938843
0.732422 15.904541
1.405640 7.788086
1.418457 3.953247
12.886353 9.086304
13.946533 8.825684
7.930298 16.713867
3.991699 18.988647
7.833862 19.748535
17.913818 11.488647
12.546387 14.169922
5.711060 5.203857
17.905884 14.203491
17.920532 7.871094
18.076782 6.171875
11.411133 7.070923
14.906616 14.727173
2.786255 4.003296
13.608398 18.222046
10.352783 2.187500
4.061279 10.358887
8.770142 13.752441
1.591187 1.515503
7.101440 6.144409
2.853394 7.896729
13.514404 14.498291
13.880005 12.313843
10.879517 1.965942
0.992432 19.490967
