0 2.35  8.65  8.87  9.05  2.15  2.43  2.50   3.56 0.07 0.01 0.01
100 0.00  0.00  0.00  0.00  0.00  0.00  0.00   0.00 0.00 0.00 0.00
200 0.00  0.00  0.00  0.00  0.00  0.00  0.00   0.00 0.00 0.00 0.00
300 2.35  8.65  8.87  9.05  2.15  2.43  2.50   3.56 0.07 0.01 0.01
400 0.00  0.00  0.00  0.00  0.00  0.00  0.00   0.00 0.00 0.00 0.00
500 0.00  0.00  0.00  0.00  0.00  0.00  0.00   0.00 0.00 0.00 0.00
600 2.35  8.65  8.87  9.05  2.15  2.43  2.50   3.56 0.07 0.01 0.01
700 0.00  0.00  0.00  0.00  0.00  0.00  0.00   0.00 0.00 0.00 0.00
800 0.00  0.00  0.00  0.00  0.00  0.00  0.00   0.00 0.00 0.00 0.00
900 2.35  8.65  8.87  9.05  2.15  2.43  2.50   3.56 0.07 0.01 0.01
1000 0.00  0.00  0.00  0.00  0.00  0.00  0.00   0.00 0.00 0.00 0.00
1100 0.00  0.00  0.00  0.00  0.00  0.00  0.00   0.00 0.00 0.00 0.00
1200 2.35  8.66  8.86  9.08  2.14  2.41  2.50   3.56 0.07 0.01 0.01
1300 0.00  0.00  0.00  0.00  0.00  0.00  0.00   0.00 0.00 0.00 0.00
1400 0.00  0.00  0.00  0.00  0.00  0.00  0.00   0.00 0.00 0.00 0.00
1500 2.34  8.68  8.88  9.08  2.14  2.40  2.48   3.52 0.07 0.01 0.01
1600 0.00  0.00  0.00  0.00  0.00  0.00  0.00   0.00 0.00 0.00 0.00
1700 0.00  0.00  0.00  0.00  0.00  0.00  0.00   0.00 0.00 0.00 0.00
1800 2.32  8.72  8.85  9.14  2.11  2.39  2.47   3.51 0.07 0.01 0.01
1900 0.00  0.00  0.00  0.00  0.00  0.00  0.00   0.00 0.00 0.00 0.00
2000 0.00  0.00  0.00  0.00  0.00  0.00  0.00   0.00 0.00 0.00 0.00
2100 2.32  8.71  8.85  9.09  2.13  2.41  2.49   3.51 0.07 0.01 0.01
2200 0.00  0.00  0.00  0.00  0.00  0.00  0.00   0.00 0.00 0.00 0.00
2300 0.00  0.00  0.00  0.00  0.00  0.00  0.00   0.00 0.00 0.00 0.00
2400 2.32  8.66  8.88  9.08  2.11  2.39  2.56   3.51 0.08 0.01 0.01
2500 0.00  0.00  0.00  0.00  0.00  0.00  0.00   0.00 0.00 0.00 0.00
2600 0.00  0.00  0.00  0.00  0.00  0.00  0.00   0.00 0.00 0.00 0.00
2700 2.31  8.70  8.74  9.24  2.04  2.42  2.55   3.61 0.08 0.01 0.01
2800 0.00  0.00  0.00  0.00  0.00  0.00  0.00   0.00 0.00 0.00 0.00
2900 0.00  0.00  0.00  0.00  0.00  0.00  0.00   0.00 0.00 0.00 0.00
3000 2.30  8.70  8.65  9.20  2.05  2.53  2.57   3.69 0.08 0.01 0.01
3100 0.00  0.00  0.00  0.00  0.00  0.00  0.00   0.00 0.00 0.00 0.00
3200 0.00  0.00  0.00  0.00  0.00  0.00  0.00   0.00 0.00 0.00 0.00
3300 2.21  8.75  8.70  9.17  2.00  2.50  2.67   3.76 0.08 0.01 0.01
3400 0.00  0.00  0.00  0.00  0.00  0.00  0.00   0.00 0.00 0.00 0.00
3500 0.00  0.00  0.00  0.00  0.00  0.00  0.00   0.00 0.00 0.00 0.00
3600 2.20  8.63  8.72  9.15  1.94  2.52  2.84   3.81 0.08 0.01 0.01
3700 0.00  0.00  0.00  0.00  0.00  0.00  0.00   0.00 0.00 0.00 0.00
3800 0.00  0.00  0.00  0.00  0.00  0.00  0.00   0.00 0.00 0.00 0.00
3900 2.16  8.58  8.80  9.12  1.89  2.60  2.85   3.87 0.08 0.01 0.01
4000 0.00  0.00  0.00  0.00  0.00  0.00  0.00   0.00 0.00 0.00 0.00
4100 0.00  0.00  0.00  0.00  0.00  0.00  0.00   0.00 0.00 0.00 0.00
4200 2.08  8.59  8.90  9.15  1.80  2.61  2.87   3.86 0.08 0.01 0.01
4300 0.00  0.00  0.00  0.00  0.00  0.00  0.00   0.00 0.00 0.00 0.00
4400 0.00  0.00  0.00  0.00  0.00  0.00  0.00   0.00 0.00 0.00 0.00
4500 2.07  8.33  9.18  8.97  1.75  2.68  3.02   3.94 0.08 0.01 0.01
4600 0.00  0.00  0.00  0.00  0.00  0.00  0.00   0.00 0.00 0.00 0.00
4700 0.00  0.00  0.00  0.00  0.00  0.00  0.00   0.00 0.00 0.00 0.00
4800 1.94  8.28  9.26  9.00  1.58  2.84  3.10   4.02 0.08 0.01 0.01
4900 0.00  0.00  0.00  0.00  0.00  0.00  0.00   0.00 0.00 0.00 0.00
5000 0.00  0.00  0.00  0.00  0.00  0.00  0.00   0.00 0.00 0.00 0.00
5100 1.91  8.35  9.33  8.99  1.59  2.77  3.06   3.99 0.08 0.01 0.01
5200 0.00  0.00  0.00  0.00  0.00  0.00  0.00   0.00 0.00 0.00 0.00
5300 0.00  0.00  0.00  0.00  0.00  0.00  0.00   0.00 0.00 0.00 0.00
5400 1.78  8.47  9.31  8.83  1.60  2.87  3.14   4.12 0.08 0.01 0.01
5500 0.00  0.00  0.00  0.00  0.00  0.00  0.00   0.00 0.00 0.00 0.00
5600 0.00  0.00  0.00  0.00  0.00  0.00  0.00   0.00 0.00 0.00 0.00
5700 1.66  8.40  9.56  8.98  1.37  2.96  3.07   4.13 0.08 0.01 0.01
5800 0.00  0.00  0.00  0.00  0.00  0.00  0.00   0.00 0.00 0.00 0.00
5900 0.00  0.00  0.00  0.00  0.00  0.00  0.00   0.00 0.00 0.00 0.00
6000 1.63  8.39  9.47  9.05  1.30  3.00  3.16   4.16 0.08 0.01 0.01
6100 0.00  0.00  0.00  0.00  0.00  0.00  0.00   0.00 0.00 0.00 0.00
6200 0.00  0.00  0.00  0.00  0.00  0.00  0.00   0.00 0.00 0.00 0.00
6300 1.51  8.48  9.45  9.06  1.22  3.02  3.26   4.19 0.07 0.01 0.01
6400 0.00  0.00  0.00  0.00  0.00  0.00  0.00   0.00 0.00 0.00 0.00
6500 0.00  0.00  0.00  0.00  0.00  0.00  0.00   0.00 0.00 0.00 0.00
6600 1.38  8.55  9.46  9.13  1.09  3.04  3.35   4.23 0.07 0.01 0.02
6700 0.00  0.00  0.00  0.00  0.00  0.00  0.00   0.00 0.00 0.00 0.00
6800 0.00  0.00  0.00  0.00  0.00  0.00  0.00   0.00 0.00 0.00 0.00
6900 1.30  8.40  9.61  9.00  1.00  3.24  3.45   4.38 0.08 0.01 0.02
7000 0.00  0.00  0.00  0.00  0.00  0.00  0.00   0.00 0.00 0.00 0.00
7100 0.00  0.00  0.00  0.00  0.00  0.00  0.00   0.00 0.00 0.00 0.00
7200 1.30  8.20  9.63  8.94  0.93  3.34  3.66   4.26 0.10 0.01 0.02
7300 0.00  0.00  0.00  0.00  0.00  0.00  0.00   0.00 0.00 0.00 0.00
7400 0.00  0.00  0.00  0.00  0.00  0.00  0.00   0.00 0.00 0.00 0.00
7500 1.22  8.25  9.65  8.83  0.93  3.36  3.76   4.29 0.08 0.01 0.02
7600 0.00  0.00  0.00  0.00  0.00  0.00  0.00   0.00 0.00 0.00 0.00
7700 0.00  0.00  0.00  0.00  0.00  0.00  0.00   0.00 0.00 0.00 0.00
7800 1.10  8.30  9.62  8.92  0.79  3.37  3.90   4.38 0.10 0.01 0.02
7900 0.00  0.00  0.00  0.00  0.00  0.00  0.00   0.00 0.00 0.00 0.00
8000 0.00  0.00  0.00  0.00  0.00  0.00  0.00   0.00 0.00 0.00 0.00
8100 0.98  8.29  9.70  8.73  0.76  3.53  4.01   4.34 0.10 0.01 0.02
8200 0.00  0.00  0.00  0.00  0.00  0.00  0.00   0.00 0.00 0.00 0.00
8300 0.00  0.00  0.00  0.00  0.00  0.00  0.00   0.00 0.00 0.00 0.00
8400 0.90  8.24  9.64  8.56  0.74  3.70  4.22   4.39 0.17 0.01 0.02
8500 0.00  0.00  0.00  0.00  0.00  0.00  0.00   0.00 0.00 0.00 0.00
8600 0.00  0.00  0.00  0.00  0.00  0.00  0.00   0.00 0.00 0.00 0.00
8700 0.85  8.18  9.69  8.50  0.69  3.82  4.27   4.41 0.18 0.01 0.02
8800 0.00  0.00  0.00  0.00  0.00  0.00  0.00   0.00 0.00 0.00 0.00
8900 0.00  0.00  0.00  0.00  0.00  0.00  0.00   0.00 0.00 0.00 0.00
9000 0.77  8.14  9.90  8.42  0.63  3.76  4.38   4.42 0.17 0.01 0.02
9100 0.00  0.00  0.00  0.00  0.00  0.00  0.00   0.00 0.00 0.00 0.00
9200 0.00  0.00  0.00  0.00  0.00  0.00  0.00   0.00 0.00 0.00 0.00
9300 0.63  8.10  10.19  8.14  0.61  3.89  4.44   4.40 0.17 0.01 0.02
9400 0.00  0.00  0.00  0.00  0.00  0.00  0.00   0.00 0.00 0.00 0.00
9500 0.00  0.00  0.00  0.00  0.00  0.00  0.00   0.00 0.00 0.00 0.00
9600 0.65  8.02  9.90  8.14  0.59  4.14  4.56   4.44 0.17 0.01 0.02
9700 0.00  0.00  0.00  0.00  0.00  0.00  0.00   0.00 0.00 0.00 0.00
9800 0.00  0.00  0.00  0.00  0.00  0.00  0.00   0.00 0.00 0.00 0.00
9900 0.55  8.00  9.84  8.16  0.47  4.30  4.68   4.48 0.17 0.01 0.02
10000 0.00  0.00  0.00  0.00  0.00  0.00  0.00   0.00 0.00 0.00 0.00
10100 0.00  0.00  0.00  0.00  0.00  0.00  0.00   0.00 0.00 0.00 0.00
10200 0.52  7.85  10.04  7.99  0.45  4.39  4.76   4.58 0.29 0.01 0.02
10300 0.00  0.00  0.00  0.00  0.00  0.00  0.00   0.00 0.00 0.00 0.00
10400 0.00  0.00  0.00  0.00  0.00  0.00  0.00   0.00 0.00 0.00 0.00
10500 0.47  7.87  9.83  8.01  0.40  4.51  4.91   4.66 0.20 0.01 0.02
10600 0.00  0.00  0.00  0.00  0.00  0.00  0.00   0.00 0.00 0.00 0.00
10700 0.00  0.00  0.00  0.00  0.00  0.00  0.00   0.00 0.00 0.00 0.00
10800 0.38  7.79  9.99  7.65  0.45  4.65  5.09   4.61 0.24 0.01 0.02
10900 0.00  0.00  0.00  0.00  0.00  0.00  0.00   0.00 0.00 0.00 0.00
11000 0.00  0.00  0.00  0.00  0.00  0.00  0.00   0.00 0.00 0.00 0.00
11100 0.31  7.88  9.87  7.52  0.49  4.75  5.18   4.86 0.15 0.01 0.02
11200 0.00  0.00  0.00  0.00  0.00  0.00  0.00   0.00 0.00 0.00 0.00
11300 0.00  0.00  0.00  0.00  0.00  0.00  0.00   0.00 0.00 0.00 0.00
11400 0.27  7.74  9.91  7.30  0.49  5.08  5.21   4.92 0.23 0.01 0.02
11500 0.00  0.00  0.00  0.00  0.00  0.00  0.00   0.00 0.00 0.00 0.00
11600 0.00  0.00  0.00  0.00  0.00  0.00  0.00   0.00 0.00 0.00 0.00
11700 0.30  7.57  9.93  7.29  0.44  5.09  5.38   4.80 0.24 0.01 0.02
11800 0.00  0.00  0.00  0.00  0.00  0.00  0.00   0.00 0.00 0.00 0.00
11900 0.00  0.00  0.00  0.00  0.00  0.00  0.00   0.00 0.00 0.00 0.00
12000 0.23  7.56  9.99  7.20  0.41  5.26  5.35   4.75 0.16 0.01 0.02
12100 0.00  0.00  0.00  0.00  0.00  0.00  0.00   0.00 0.00 0.00 0.00
12200 0.00  0.00  0.00  0.00  0.00  0.00  0.00   0.00 0.00 0.00 0.00
12300 0.23  7.55  9.86  7.23  0.39  5.31  5.43   4.67 0.18 0.01 0.02
12400 0.00  0.00  0.00  0.00  0.00  0.00  0.00   0.00 0.00 0.00 0.00
12500 0.00  0.00  0.00  0.00  0.00  0.00  0.00   0.00 0.00 0.00 0.00
12600 0.20  7.56  9.86  7.08  0.44  5.37  5.49   4.60 0.27 0.01 0.02
12700 0.00  0.00  0.00  0.00  0.00  0.00  0.00   0.00 0.00 0.00 0.00
12800 0.00  0.00  0.00  0.00  0.00  0.00  0.00   0.00 0.00 0.00 0.00
12900 0.15  7.53  9.83  7.05  0.39  5.45  5.60   4.55 0.18 0.01 0.02
13000 0.00  0.00  0.00  0.00  0.00  0.00  0.00   0.00 0.00 0.00 0.00
13100 0.00  0.00  0.00  0.00  0.00  0.00  0.00   0.00 0.00 0.00 0.00
13200 0.13  7.53  9.67  7.07  0.36  5.51  5.73   4.54 0.18 0.01 0.02
13300 0.00  0.00  0.00  0.00  0.00  0.00  0.00   0.00 0.00 0.00 0.00
13400 0.00  0.00  0.00  0.00  0.00  0.00  0.00   0.00 0.00 0.00 0.00
13500 0.18  7.40  9.70  7.02  0.37  5.54  5.79   4.47 0.26 0.01 0.03
13600 0.00  0.00  0.00  0.00  0.00  0.00  0.00   0.00 0.00 0.00 0.00
13700 0.00  0.00  0.00  0.00  0.00  0.00  0.00   0.00 0.00 0.00 0.00
13800 0.13  7.42  9.51  6.90  0.39  5.70  5.95   4.51 0.27 0.01 0.03
13900 0.00  0.00  0.00  0.00  0.00  0.00  0.00   0.00 0.00 0.00 0.00
14000 0.00  0.00  0.00  0.00  0.00  0.00  0.00   0.00 0.00 0.00 0.00
14100 0.18  7.28  9.62  7.06  0.29  5.67  5.90   4.44 0.27 0.01 0.03
14200 0.00  0.00  0.00  0.00  0.00  0.00  0.00   0.00 0.00 0.00 0.00
14300 0.00  0.00  0.00  0.00  0.00  0.00  0.00   0.00 0.00 0.00 0.00
14400 0.20  6.99  9.69  6.77  0.31  5.81  6.23   4.47 0.34 0.01 0.03
14500 0.00  0.00  0.00  0.00  0.00  0.00  0.00   0.00 0.00 0.00 0.00
14600 0.00  0.00  0.00  0.00  0.00  0.00  0.00   0.00 0.00 0.00 0.00
14700 0.14  7.10  9.42  6.88  0.25  5.93  6.28   4.34 0.34 0.01 0.03
14800 0.00  0.00  0.00  0.00  0.00  0.00  0.00   0.00 0.00 0.00 0.00
14900 0.00  0.00  0.00  0.00  0.00  0.00  0.00   0.00 0.00 0.00 0.00
15000 0.15  6.93  9.44  6.79  0.22  6.01  6.46   4.29 0.35 0.01 0.03
15100 0.00  0.00  0.00  0.00  0.00  0.00  0.00   0.00 0.00 0.00 0.00
15200 0.00  0.00  0.00  0.00  0.00  0.00  0.00   0.00 0.00 0.00 0.00
15300 0.13  7.00  9.19  6.98  0.14  5.91  6.65   4.31 0.33 0.01 0.03
15400 0.00  0.00  0.00  0.00  0.00  0.00  0.00   0.00 0.00 0.00 0.00
15500 0.00  0.00  0.00  0.00  0.00  0.00  0.00   0.00 0.00 0.00 0.00
15600 0.10  6.92  9.38  6.76  0.18  5.97  6.69   4.31 0.33 0.01 0.03
15700 0.00  0.00  0.00  0.00  0.00  0.00  0.00   0.00 0.00 0.00 0.00
15800 0.00  0.00  0.00  0.00  0.00  0.00  0.00   0.00 0.00 0.00 0.00
15900 0.11  6.87  9.26  6.73  0.18  6.09  6.76   4.42 0.30 0.01 0.03
16000 0.00  0.00  0.00  0.00  0.00  0.00  0.00   0.00 0.00 0.00 0.00
16100 0.00  0.00  0.00  0.00  0.00  0.00  0.00   0.00 0.00 0.00 0.00
16200 0.12  6.86  9.28  6.62  0.24  6.03  6.85   4.34 0.31 0.01 0.03
16300 0.00  0.00  0.00  0.00  0.00  0.00  0.00   0.00 0.00 0.00 0.00
16400 0.00  0.00  0.00  0.00  0.00  0.00  0.00   0.00 0.00 0.00 0.00
16500 0.06  6.86  9.26  6.56  0.21  6.08  6.97   4.43 0.34 0.01 0.03
16600 0.00  0.00  0.00  0.00  0.00  0.00  0.00   0.00 0.00 0.00 0.00
16700 0.00  0.00  0.00  0.00  0.00  0.00  0.00   0.00 0.00 0.00 0.00
16800 0.06  6.70  9.16  6.36  0.23  6.26  7.23   4.21 0.35 0.01 0.03
16900 0.00  0.00  0.00  0.00  0.00  0.00  0.00   0.00 0.00 0.00 0.00
17000 0.00  0.00  0.00  0.00  0.00  0.00  0.00   0.00 0.00 0.00 0.00
17100 0.03  6.55  9.17  6.27  0.17  6.29  7.52   4.00 0.50 0.01 0.03
17200 0.00  0.00  0.00  0.00  0.00  0.00  0.00   0.00 0.00 0.00 0.00
17300 0.00  0.00  0.00  0.00  0.00  0.00  0.00   0.00 0.00 0.00 0.00
17400 0.04  6.57  9.08  6.25  0.20  6.35  7.51   3.90 0.71 0.01 0.04
17500 0.00  0.00  0.00  0.00  0.00  0.00  0.00   0.00 0.00 0.00 0.00
17600 0.00  0.00  0.00  0.00  0.00  0.00  0.00   0.00 0.00 0.00 0.00
17700 0.03  6.39  9.13  6.05  0.20  6.72  7.48   3.92 0.70 0.01 0.04
17800 0.00  0.00  0.00  0.00  0.00  0.00  0.00   0.00 0.00 0.00 0.00
17900 0.00  0.00  0.00  0.00  0.00  0.00  0.00   0.00 0.00 0.00 0.00
18000 0.02  6.40  8.96  6.10  0.17  6.87  7.48   3.87 0.54 0.01 0.04
18100 0.00  0.00  0.00  0.00  0.00  0.00  0.00   0.00 0.00 0.00 0.00
18200 0.00  0.00  0.00  0.00  0.00  0.00  0.00   0.00 0.00 0.00 0.00
18300 0.02  6.49  8.74  6.19  0.17  6.68  7.71   3.77 0.53 0.01 0.04
18400 0.00  0.00  0.00  0.00  0.00  0.00  0.00   0.00 0.00 0.00 0.00
18500 0.00  0.00  0.00  0.00  0.00  0.00  0.00   0.00 0.00 0.00 0.00
18600 0.07  6.30  8.74  6.08  0.18  6.80  7.83   3.73 0.43 0.01 0.04
18700 0.00  0.00  0.00  0.00  0.00  0.00  0.00   0.00 0.00 0.00 0.00
18800 0.00  0.00  0.00  0.00  0.00  0.00  0.00   0.00 0.00 0.00 0.00
18900 0.07  6.11  8.72  5.79  0.23  7.02  8.06   3.77 0.59 0.01 0.04
19000 0.00  0.00  0.00  0.00  0.00  0.00  0.00   0.00 0.00 0.00 0.00
19100 0.00  0.00  0.00  0.00  0.00  0.00  0.00   0.00 0.00 0.00 0.00
19200 0.07  6.10  8.60  5.88  0.18  7.21  7.96   3.76 0.55 0.01 0.04
19300 0.00  0.00  0.00  0.00  0.00  0.00  0.00   0.00 0.00 0.00 0.00
19400 0.00  0.00  0.00  0.00  0.00  0.00  0.00   0.00 0.00 0.00 0.00
19500 0.06  6.20  8.45  5.90  0.21  7.24  7.94   3.60 0.43 0.01 0.04
19600 0.00  0.00  0.00  0.00  0.00  0.00  0.00   0.00 0.00 0.00 0.00
19700 0.00  0.00  0.00  0.00  0.00  0.00  0.00   0.00 0.00 0.00 0.00
19800 0.04  6.08  8.31  5.76  0.20  7.32  8.29   3.45 0.44 0.01 0.05
19900 0.00  0.00  0.00  0.00  0.00  0.00  0.00   0.00 0.00 0.00 0.00
20000 0.00  0.00  0.00  0.00  0.00  0.00  0.00   0.00 0.00 0.00 0.00
20100 0.04  6.14  8.23  5.82  0.20  7.16  8.41   3.42 0.47 0.01 0.05
20200 0.00  0.00  0.00  0.00  0.00  0.00  0.00   0.00 0.00 0.00 0.00
20300 0.00  0.00  0.00  0.00  0.00  0.00  0.00   0.00 0.00 0.00 0.00
20400 0.05  6.04  8.22  5.72  0.21  7.29  8.47   3.37 0.47 0.01 0.05
20500 0.00  0.00  0.00  0.00  0.00  0.00  0.00   0.00 0.00 0.00 0.00
20600 0.00  0.00  0.00  0.00  0.00  0.00  0.00   0.00 0.00 0.00 0.00
20700 0.06  6.08  7.84  5.76  0.22  7.40  8.64   3.31 0.69 0.01 0.05
20800 0.00  0.00  0.00  0.00  0.00  0.00  0.00   0.00 0.00 0.00 0.00
20900 0.00  0.00  0.00  0.00  0.00  0.00  0.00   0.00 0.00 0.00 0.00
21000 0.06  5.79  8.09  5.57  0.17  7.59  8.73   3.38 0.67 0.01 0.05
21100 0.00  0.00  0.00  0.00  0.00  0.00  0.00   0.00 0.00 0.00 0.00
21200 0.00  0.00  0.00  0.00  0.00  0.00  0.00   0.00 0.00 0.00 0.00
21300 0.04  5.82  7.99  5.62  0.14  7.49  8.90   3.40 0.67 0.01 0.05
21400 0.00  0.00  0.00  0.00  0.00  0.00  0.00   0.00 0.00 0.00 0.00
21500 0.00  0.00  0.00  0.00  0.00  0.00  0.00   0.00 0.00 0.00 0.00
21600 0.03  5.79  7.80  5.65  0.10  7.49  9.14   3.25 0.69 0.01 0.05
21700 0.00  0.00  0.00  0.00  0.00  0.00  0.00   0.00 0.00 0.00 0.00
21800 0.00  0.00  0.00  0.00  0.00  0.00  0.00   0.00 0.00 0.00 0.00
21900 0.04  5.55  8.02  5.41  0.11  7.74  9.13   3.18 0.68 0.01 0.05
22000 0.00  0.00  0.00  0.00  0.00  0.00  0.00   0.00 0.00 0.00 0.00
22100 0.00  0.00  0.00  0.00  0.00  0.00  0.00   0.00 0.00 0.00 0.00
22200 0.04  5.53  7.93  5.41  0.10  7.75  9.24   3.22 1.33 0.01 0.05
22300 0.00  0.00  0.00  0.00  0.00  0.00  0.00   0.00 0.00 0.00 0.00
22400 0.00  0.00  0.00  0.00  0.00  0.00  0.00   0.00 0.00 0.00 0.00
22500 0.05  5.55  7.75  5.41  0.12  7.83  9.29   3.01 1.32 0.01 0.06
22600 0.00  0.00  0.00  0.00  0.00  0.00  0.00   0.00 0.00 0.00 0.00
22700 0.00  0.00  0.00  0.00  0.00  0.00  0.00   0.00 0.00 0.00 0.00
22800 0.02  5.48  7.88  5.18  0.17  7.97  9.30   3.00 1.20 0.01 0.06
22900 0.00  0.00  0.00  0.00  0.00  0.00  0.00   0.00 0.00 0.00 0.00
23000 0.00  0.00  0.00  0.00  0.00  0.00  0.00   0.00 0.00 0.00 0.00
23100 0.04  5.42  7.91  5.16  0.17  7.87  9.43   2.97 1.04 0.01 0.06
23200 0.00  0.00  0.00  0.00  0.00  0.00  0.00   0.00 0.00 0.00 0.00
23300 0.00  0.00  0.00  0.00  0.00  0.00  0.00   0.00 0.00 0.00 0.00
23400 0.01  5.50  7.66  5.16  0.18  8.13  9.36   3.04 1.11 0.01 0.06
23500 0.00  0.00  0.00  0.00  0.00  0.00  0.00   0.00 0.00 0.00 0.00
23600 0.00  0.00  0.00  0.00  0.00  0.00  0.00   0.00 0.00 0.00 0.00
23700 0.02  5.43  7.49  5.11  0.18  8.28  9.49   3.03 1.26 0.01 0.06
23800 0.00  0.00  0.00  0.00  0.00  0.00  0.00   0.00 0.00 0.00 0.00
23900 0.00  0.00  0.00  0.00  0.00  0.00  0.00   0.00 0.00 0.00 0.00
24000 0.03  5.41  7.23  5.11  0.18  8.34  9.70   2.92 1.28 0.01 0.06
24100 0.00  0.00  0.00  0.00  0.00  0.00  0.00   0.00 0.00 0.00 0.00
24200 0.00  0.00  0.00  0.00  0.00  0.00  0.00   0.00 0.00 0.00 0.00
24300 0.04  5.22  7.38  5.06  0.12  8.31  9.87   2.86 1.31 0.01 0.06
24400 0.00  0.00  0.00  0.00  0.00  0.00  0.00   0.00 0.00 0.00 0.00
24500 0.00  0.00  0.00  0.00  0.00  0.00  0.00   0.00 0.00 0.00 0.00
24600 0.03  5.22  7.25  5.16  0.06  8.49  9.79   2.78 1.27 0.01 0.07
24700 0.00  0.00  0.00  0.00  0.00  0.00  0.00   0.00 0.00 0.00 0.00
24800 0.00  0.00  0.00  0.00  0.00  0.00  0.00   0.00 0.00 0.00 0.00
24900 0.02  5.23  7.18  5.05  0.11  8.63  9.78   2.59 1.29 0.01 0.07
25000 0.00  0.00  0.00  0.00  0.00  0.00  0.00   0.00 0.00 0.00 0.00
25100 0.00  0.00  0.00  0.00  0.00  0.00  0.00   0.00 0.00 0.00 0.00
25200 0.00  5.23  7.10  5.05  0.09  8.78  9.75   2.74 1.26 0.01 0.07
25300 0.00  0.00  0.00  0.00  0.00  0.00  0.00   0.00 0.00 0.00 0.00
25400 0.00  0.00  0.00  0.00  0.00  0.00  0.00   0.00 0.00 0.00 0.00
25500 0.01  5.11  7.13  4.87  0.13  9.10  9.65   2.71 1.16 0.01 0.07
25600 0.00  0.00  0.00  0.00  0.00  0.00  0.00   0.00 0.00 0.00 0.00
25700 0.00  0.00  0.00  0.00  0.00  0.00  0.00   0.00 0.00 0.00 0.00
25800 0.00  5.13  7.11  4.79  0.17  8.96  9.84   2.59 0.83 0.01 0.07
25900 0.00  0.00  0.00  0.00  0.00  0.00  0.00   0.00 0.00 0.00 0.00
26000 0.00  0.00  0.00  0.00  0.00  0.00  0.00   0.00 0.00 0.00 0.00
26100 0.01  5.06  7.02  4.74  0.17  9.09  9.91   2.58 1.36 0.01 0.07
26200 0.00  0.00  0.00  0.00  0.00  0.00  0.00   0.00 0.00 0.00 0.00
26300 0.00  0.00  0.00  0.00  0.00  0.00  0.00   0.00 0.00 0.00 0.00
26400 0.01  5.00  6.87  4.84  0.09  9.25  9.94   2.46 1.90 0.01 0.08
26500 0.00  0.00  0.00  0.00  0.00  0.00  0.00   0.00 0.00 0.00 0.00
26600 0.00  0.00  0.00  0.00  0.00  0.00  0.00   0.00 0.00 0.00 0.00
26700 0.02  4.96  6.82  4.88  0.06  9.21  10.05   2.33 1.93 0.01 0.08
26800 0.00  0.00  0.00  0.00  0.00  0.00  0.00   0.00 0.00 0.00 0.00
26900 0.00  0.00  0.00  0.00  0.00  0.00  0.00   0.00 0.00 0.00 0.00
27000 0.02  4.88  6.78  4.82  0.05  9.50  9.95   2.31 1.78 0.01 0.08
27100 0.00  0.00  0.00  0.00  0.00  0.00  0.00   0.00 0.00 0.00 0.00
27200 0.00  0.00  0.00  0.00  0.00  0.00  0.00   0.00 0.00 0.00 0.00
27300 0.01  4.87  6.67  4.75  0.07  9.53  10.10   2.13 2.47 0.01 0.09
27400 0.00  0.00  0.00  0.00  0.00  0.00  0.00   0.00 0.00 0.00 0.00
27500 0.00  0.00  0.00  0.00  0.00  0.00  0.00   0.00 0.00 0.00 0.00
27600 0.00  4.85  6.67  4.73  0.06  9.67  10.02   2.14 2.52 0.01 0.09
27700 0.00  0.00  0.00  0.00  0.00  0.00  0.00   0.00 0.00 0.00 0.00
27800 0.00  0.00  0.00  0.00  0.00  0.00  0.00   0.00 0.00 0.00 0.00
27900 0.01  4.69  6.74  4.61  0.05  9.63  10.27   2.08 2.81 0.01 0.10
28000 0.00  0.00  0.00  0.00  0.00  0.00  0.00   0.00 0.00 0.00 0.00
28100 0.00  0.00  0.00  0.00  0.00  0.00  0.00   0.00 0.00 0.00 0.00
28200 0.03  4.70  6.42  4.64  0.06  9.86  10.29   1.93 2.77 0.01 0.10
28300 0.00  0.00  0.00  0.00  0.00  0.00  0.00   0.00 0.00 0.00 0.00
28400 0.00  0.00  0.00  0.00  0.00  0.00  0.00   0.00 0.00 0.00 0.00
28500 0.01  4.64  6.28  4.56  0.05  10.07  10.39   1.92 3.01 0.01 0.11
28600 0.00  0.00  0.00  0.00  0.00  0.00  0.00   0.00 0.00 0.00 0.00
28700 0.00  0.00  0.00  0.00  0.00  0.00  0.00   0.00 0.00 0.00 0.00
28800 0.03  4.58  6.33  4.58  0.03  10.08  10.37   1.90 2.41 0.01 0.11
28900 0.00  0.00  0.00  0.00  0.00  0.00  0.00   0.00 0.00 0.00 0.00
29000 0.00  0.00  0.00  0.00  0.00  0.00  0.00   0.00 0.00 0.00 0.00
29100 0.04  4.65  6.20  4.67  0.03  10.10  10.31   1.79 2.39 0.01 0.11
29200 0.00  0.00  0.00  0.00  0.00  0.00  0.00   0.00 0.00 0.00 0.00
29300 0.00  0.00  0.00  0.00  0.00  0.00  0.00   0.00 0.00 0.00 0.00
29400 0.07  4.45  6.15  4.49  0.05  10.33  10.46   1.66 2.20 0.01 0.13
29500 0.00  0.00  0.00  0.00  0.00  0.00  0.00   0.00 0.00 0.00 0.00
29600 0.00  0.00  0.00  0.00  0.00  0.00  0.00   0.00 0.00 0.00 0.00
29700 0.05  4.44  6.14  4.44  0.05  10.35  10.53   1.72 1.58 0.01 0.12
29800 0.00  0.00  0.00  0.00  0.00  0.00  0.00   0.00 0.00 0.00 0.00
29900 0.00  0.00  0.00  0.00  0.00  0.00  0.00   0.00 0.00 0.00 0.00
30000 0.05  4.39  6.08  4.33  0.08  10.28  10.79   1.81 2.32 0.01 0.12
30100 0.00  0.00  0.00  0.00  0.00  0.00  0.00   0.00 0.00 0.00 0.00
30200 0.00  0.00  0.00  0.00  0.00  0.00  0.00   0.00 0.00 0.00 0.00
30300 0.01  4.46  5.92  4.30  0.09  10.47  10.75   1.69 2.36 0.01 0.13
30400 0.00  0.00  0.00  0.00  0.00  0.00  0.00   0.00 0.00 0.00 0.00
30500 0.00  0.00  0.00  0.00  0.00  0.00  0.00   0.00 0.00 0.00 0.00
30600 0.02  4.41  5.85  4.37  0.04  10.59  10.72   1.81 2.39 0.01 0.12
30700 0.00  0.00  0.00  0.00  0.00  0.00  0.00   0.00 0.00 0.00 0.00
30800 0.00  0.00  0.00  0.00  0.00  0.00  0.00   0.00 0.00 0.00 0.00
30900 0.00  4.43  5.67  4.37  0.03  10.50  11.00   1.67 2.38 0.01 0.13
31000 0.00  0.00  0.00  0.00  0.00  0.00  0.00   0.00 0.00 0.00 0.00
31100 0.00  0.00  0.00  0.00  0.00  0.00  0.00   0.00 0.00 0.00 0.00
31200 0.01  4.41  5.65  4.33  0.05  10.51  11.04   1.62 3.15 0.01 0.13
31300 0.00  0.00  0.00  0.00  0.00  0.00  0.00   0.00 0.00 0.00 0.00
31400 0.00  0.00  0.00  0.00  0.00  0.00  0.00   0.00 0.00 0.00 0.00
31500 0.03  4.48  5.39  4.46  0.04  10.37  11.23   1.69 2.65 0.01 0.13
31600 0.00  0.00  0.00  0.00  0.00  0.00  0.00   0.00 0.00 0.00 0.00
31700 0.00  0.00  0.00  0.00  0.00  0.00  0.00   0.00 0.00 0.00 0.00
31800 0.02  4.39  5.39  4.27  0.08  10.51  11.34   1.61 2.67 0.01 0.14
31900 0.00  0.00  0.00  0.00  0.00  0.00  0.00   0.00 0.00 0.00 0.00
32000 0.00  0.00  0.00  0.00  0.00  0.00  0.00   0.00 0.00 0.00 0.00
32100 0.00  4.32  5.49  4.20  0.06  10.50  11.43   1.51 2.66 0.01 0.15
32200 0.00  0.00  0.00  0.00  0.00  0.00  0.00   0.00 0.00 0.00 0.00
32300 0.00  0.00  0.00  0.00  0.00  0.00  0.00   0.00 0.00 0.00 0.00
32400 0.01  4.30  5.32  4.20  0.06  10.64  11.47   1.47 2.76 0.01 0.15
32500 0.00  0.00  0.00  0.00  0.00  0.00  0.00   0.00 0.00 0.00 0.00
32600 0.00  0.00  0.00  0.00  0.00  0.00  0.00   0.00 0.00 0.00 0.00
32700 0.01  4.32  5.33  4.20  0.07  10.41  11.66   1.51 2.73 0.01 0.15
32800 0.00  0.00  0.00  0.00  0.00  0.00  0.00   0.00 0.00 0.00 0.00
32900 0.00  0.00  0.00  0.00  0.00  0.00  0.00   0.00 0.00 0.00 0.00
33000 0.01  4.04  5.65  3.96  0.05  10.62  11.67   1.47 2.74 0.01 0.15
33100 0.00  0.00  0.00  0.00  0.00  0.00  0.00   0.00 0.00 0.00 0.00
33200 0.00  0.00  0.00  0.00  0.00  0.00  0.00   0.00 0.00 0.00 0.00
33300 0.00  3.97  5.65  3.85  0.06  10.75  11.72   1.40 2.91 0.01 0.16
33400 0.00  0.00  0.00  0.00  0.00  0.00  0.00   0.00 0.00 0.00 0.00
33500 0.00  0.00  0.00  0.00  0.00  0.00  0.00   0.00 0.00 0.00 0.00
33600 0.01  3.87  5.65  3.77  0.06  10.68  11.96   1.31 5.52 0.01 0.17
33700 0.00  0.00  0.00  0.00  0.00  0.00  0.00   0.00 0.00 0.00 0.00
33800 0.00  0.00  0.00  0.00  0.00  0.00  0.00   0.00 0.00 0.00 0.00
33900 0.01  3.90  5.53  3.76  0.08  10.78  11.94   1.32 5.49 0.01 0.17
34000 0.00  0.00  0.00  0.00  0.00  0.00  0.00   0.00 0.00 0.00 0.00
34100 0.00  0.00  0.00  0.00  0.00  0.00  0.00   0.00 0.00 0.00 0.00
34200 0.00  3.86  5.59  3.70  0.08  10.77  12.00   1.33 5.49 0.01 0.17
34300 0.00  0.00  0.00  0.00  0.00  0.00  0.00   0.00 0.00 0.00 0.00
34400 0.00  0.00  0.00  0.00  0.00  0.00  0.00   0.00 0.00 0.00 0.00
34500 0.01  3.89  5.45  3.69  0.11  10.99  11.86   1.29 5.43 0.01 0.18
34600 0.00  0.00  0.00  0.00  0.00  0.00  0.00   0.00 0.00 0.00 0.00
34700 0.00  0.00  0.00  0.00  0.00  0.00  0.00   0.00 0.00 0.00 0.00
34800 0.00  3.67  5.62  3.49  0.09  11.08  12.05   1.24 5.55 0.01 0.19
34900 0.00  0.00  0.00  0.00  0.00  0.00  0.00   0.00 0.00 0.00 0.00
35000 0.00  0.00  0.00  0.00  0.00  0.00  0.00   0.00 0.00 0.00 0.00
35100 0.00  3.61  5.62  3.45  0.08  11.27  11.97   1.20 5.32 0.01 0.19
35200 0.00  0.00  0.00  0.00  0.00  0.00  0.00   0.00 0.00 0.00 0.00
35300 0.00  0.00  0.00  0.00  0.00  0.00  0.00   0.00 0.00 0.00 0.00
35400 0.00  3.71  5.53  3.51  0.10  11.11  12.04   1.07 5.49 0.01 0.22
35500 0.00  0.00  0.00  0.00  0.00  0.00  0.00   0.00 0.00 0.00 0.00
35600 0.00  0.00  0.00  0.00  0.00  0.00  0.00   0.00 0.00 0.00 0.00
35700 0.01  3.67  5.35  3.47  0.11  11.27  12.12   1.13 3.16 0.01 0.21
35800 0.00  0.00  0.00  0.00  0.00  0.00  0.00   0.00 0.00 0.00 0.00
35900 0.00  0.00  0.00  0.00  0.00  0.00  0.00   0.00 0.00 0.00 0.00
36000 0.01  3.64  5.40  3.46  0.10  11.34  12.05   1.06 3.93 0.01 0.22
36100 0.00  0.00  0.00  0.00  0.00  0.00  0.00   0.00 0.00 0.00 0.00
36200 0.00  0.00  0.00  0.00  0.00  0.00  0.00   0.00 0.00 0.00 0.00
36300 0.00  3.58  5.36  3.46  0.06  11.41  12.13   1.09 3.51 0.01 0.22
36400 0.00  0.00  0.00  0.00  0.00  0.00  0.00   0.00 0.00 0.00 0.00
36500 0.00  0.00  0.00  0.00  0.00  0.00  0.00   0.00 0.00 0.00 0.00
36600 0.00  3.60  5.13  3.48  0.06  11.59  12.14   0.98 4.13 0.01 0.24
36700 0.00  0.00  0.00  0.00  0.00  0.00  0.00   0.00 0.00 0.00 0.00
36800 0.00  0.00  0.00  0.00  0.00  0.00  0.00   0.00 0.00 0.00 0.00
36900 0.01  3.67  5.00  3.57  0.06  11.70  11.99   0.90 4.14 0.01 0.26
37000 0.00  0.00  0.00  0.00  0.00  0.00  0.00   0.00 0.00 0.00 0.00
37100 0.00  0.00  0.00  0.00  0.00  0.00  0.00   0.00 0.00 0.00 0.00
37200 0.00  3.70  4.89  3.58  0.06  11.70  12.07   0.98 3.64 0.01 0.24
37300 0.00  0.00  0.00  0.00  0.00  0.00  0.00   0.00 0.00 0.00 0.00
37400 0.00  0.00  0.00  0.00  0.00  0.00  0.00   0.00 0.00 0.00 0.00
37500 0.02  3.55  4.99  3.51  0.04  11.82  12.07   0.89 4.13 0.01 0.27
37600 0.00  0.00  0.00  0.00  0.00  0.00  0.00   0.00 0.00 0.00 0.00
37700 0.00  0.00  0.00  0.00  0.00  0.00  0.00   0.00 0.00 0.00 0.00
37800 0.01  3.59  4.80  3.53  0.04  11.83  12.20   0.89 6.15 0.01 0.27
37900 0.00  0.00  0.00  0.00  0.00  0.00  0.00   0.00 0.00 0.00 0.00
38000 0.00  0.00  0.00  0.00  0.00  0.00  0.00   0.00 0.00 0.00 0.00
38100 0.01  3.39  4.88  3.39  0.01  11.99  12.33   0.90 6.37 0.01 0.27
38200 0.00  0.00  0.00  0.00  0.00  0.00  0.00   0.00 0.00 0.00 0.00
38300 0.00  0.00  0.00  0.00  0.00  0.00  0.00   0.00 0.00 0.00 0.00
38400 0.00  3.60  4.59  3.52  0.04  11.96  12.29   0.84 6.43 0.01 0.29
38500 0.00  0.00  0.00  0.00  0.00  0.00  0.00   0.00 0.00 0.00 0.00
38600 0.00  0.00  0.00  0.00  0.00  0.00  0.00   0.00 0.00 0.00 0.00
38700 0.01  3.55  4.57  3.49  0.04  12.01  12.33   0.72 6.48 0.01 0.34
38800 0.00  0.00  0.00  0.00  0.00  0.00  0.00   0.00 0.00 0.00 0.00
38900 0.00  0.00  0.00  0.00  0.00  0.00  0.00   0.00 0.00 0.00 0.00
39000 0.01  3.43  4.62  3.43  0.01  11.80  12.70   0.79 6.73 0.01 0.31
39100 0.00  0.00  0.00  0.00  0.00  0.00  0.00   0.00 0.00 0.00 0.00
39200 0.00  0.00  0.00  0.00  0.00  0.00  0.00   0.00 0.00 0.00 0.00
39300 0.00  3.37  4.58  3.37  0.00  11.96  12.72   0.78 6.89 0.01 0.32
39400 0.00  0.00  0.00  0.00  0.00  0.00  0.00   0.00 0.00 0.00 0.00
39500 0.00  0.00  0.00  0.00  0.00  0.00  0.00   0.00 0.00 0.00 0.00
39600 0.00  3.19  4.63  3.15  0.02  12.12  12.89   0.77 6.43 0.01 0.32
39700 0.00  0.00  0.00  0.00  0.00  0.00  0.00   0.00 0.00 0.00 0.00
39800 0.00  0.00  0.00  0.00  0.00  0.00  0.00   0.00 0.00 0.00 0.00
39900 0.00  3.27  4.41  3.15  0.06  12.28  12.83   0.77 5.71 0.01 0.33
40000 0.00  0.00  0.00  0.00  0.00  0.00  0.00   0.00 0.00 0.00 0.00
40100 0.00  0.00  0.00  0.00  0.00  0.00  0.00   0.00 0.00 0.00 0.00
40200 0.00  3.24  4.31  3.14  0.05  12.36  12.90   0.78 6.43 0.01 0.32
40300 0.00  0.00  0.00  0.00  0.00  0.00  0.00   0.00 0.00 0.00 0.00
40400 0.00  0.00  0.00  0.00  0.00  0.00  0.00   0.00 0.00 0.00 0.00
40500 0.00  3.13  4.38  3.11  0.01  12.40  12.97   0.77 5.97 0.01 0.33
40600 0.00  0.00  0.00  0.00  0.00  0.00  0.00   0.00 0.00 0.00 0.00
40700 0.00  0.00  0.00  0.00  0.00  0.00  0.00   0.00 0.00 0.00 0.00
40800 0.01  3.21  4.21  3.17  0.03  12.34  13.03   0.74 6.05 0.01 0.34
40900 0.00  0.00  0.00  0.00  0.00  0.00  0.00   0.00 0.00 0.00 0.00
41000 0.00  0.00  0.00  0.00  0.00  0.00  0.00   0.00 0.00 0.00 0.00
41100 0.00  3.12  4.27  3.10  0.01  12.27  13.23   0.72 6.22 0.01 0.35
41200 0.00  0.00  0.00  0.00  0.00  0.00  0.00   0.00 0.00 0.00 0.00
41300 0.00  0.00  0.00  0.00  0.00  0.00  0.00   0.00 0.00 0.00 0.00
41400 0.00  3.05  4.43  2.99  0.03  12.24  13.26   0.74 7.03 0.01 0.34
41500 0.00  0.00  0.00  0.00  0.00  0.00  0.00   0.00 0.00 0.00 0.00
41600 0.00  0.00  0.00  0.00  0.00  0.00  0.00   0.00 0.00 0.00 0.00
41700 0.01  2.98  4.35  2.96  0.02  12.43  13.25   0.67 4.80 0.01 0.38
41800 0.00  0.00  0.00  0.00  0.00  0.00  0.00   0.00 0.00 0.00 0.00
41900 0.00  0.00  0.00  0.00  0.00  0.00  0.00   0.00 0.00 0.00 0.00
42000 0.00  3.05  4.31  3.01  0.02  12.41  13.20   0.63 9.61 0.01 0.41
42100 0.00  0.00  0.00  0.00  0.00  0.00  0.00   0.00 0.00 0.00 0.00
42200 0.00  0.00  0.00  0.00  0.00  0.00  0.00   0.00 0.00 0.00 0.00
42300 0.01  3.08  4.30  3.10  0.00  12.37  13.14   0.70 9.08 0.01 0.36
42400 0.00  0.00  0.00  0.00  0.00  0.00  0.00   0.00 0.00 0.00 0.00
42500 0.00  0.00  0.00  0.00  0.00  0.00  0.00   0.00 0.00 0.00 0.00
42600 0.00  3.06  4.25  3.06  0.00  12.38  13.25   0.69 9.03 0.01 0.37
42700 0.00  0.00  0.00  0.00  0.00  0.00  0.00   0.00 0.00 0.00 0.00
42800 0.00  0.00  0.00  0.00  0.00  0.00  0.00   0.00 0.00 0.00 0.00
42900 0.00  3.00  4.23  2.92  0.04  12.44  13.37   0.67 9.75 0.01 0.39
43000 0.00  0.00  0.00  0.00  0.00  0.00  0.00   0.00 0.00 0.00 0.00
43100 0.00  0.00  0.00  0.00  0.00  0.00  0.00   0.00 0.00 0.00 0.00
43200 0.02  2.92  4.21  2.88  0.04  12.39  13.54   0.55 10.96 0.01 0.47
43300 0.00  0.00  0.00  0.00  0.00  0.00  0.00   0.00 0.00 0.00 0.00
43400 0.00  0.00  0.00  0.00  0.00  0.00  0.00   0.00 0.00 0.00 0.00
43500 0.01  2.82  4.32  2.82  0.01  12.45  13.57   0.55 11.55 0.01 0.47
43600 0.00  0.00  0.00  0.00  0.00  0.00  0.00   0.00 0.00 0.00 0.00
43700 0.00  0.00  0.00  0.00  0.00  0.00  0.00   0.00 0.00 0.00 0.00
43800 0.01  2.87  4.30  2.85  0.02  12.49  13.46   0.63 10.39 0.01 0.41
43900 0.00  0.00  0.00  0.00  0.00  0.00  0.00   0.00 0.00 0.00 0.00
44000 0.00  0.00  0.00  0.00  0.00  0.00  0.00   0.00 0.00 0.00 0.00
44100 0.00  2.98  4.13  2.96  0.01  12.58  13.34   0.55 9.80 0.01 0.47
44200 0.00  0.00  0.00  0.00  0.00  0.00  0.00   0.00 0.00 0.00 0.00
44300 0.00  0.00  0.00  0.00  0.00  0.00  0.00   0.00 0.00 0.00 0.00
44400 0.00  3.03  4.11  2.97  0.03  12.45  13.41   0.53 10.40 0.01 0.49
44500 0.00  0.00  0.00  0.00  0.00  0.00  0.00   0.00 0.00 0.00 0.00
44600 0.00  0.00  0.00  0.00  0.00  0.00  0.00   0.00 0.00 0.00 0.00
44700 0.01  2.93  4.00  2.95  0.00  12.56  13.55   0.55 10.87 0.01 0.47
44800 0.00  0.00  0.00  0.00  0.00  0.00  0.00   0.00 0.00 0.00 0.00
44900 0.00  0.00  0.00  0.00  0.00  0.00  0.00   0.00 0.00 0.00 0.00
45000 0.00  3.03  3.73  2.97  0.03  12.66  13.58   0.48 10.67 0.01 0.55
45100 0.00  0.00  0.00  0.00  0.00  0.00  0.00   0.00 0.00 0.00 0.00
45200 0.00  0.00  0.00  0.00  0.00  0.00  0.00   0.00 0.00 0.00 0.00
45300 0.00  3.07  3.75  2.97  0.05  12.60  13.56   0.54 5.11 0.01 0.48
45400 0.00  0.00  0.00  0.00  0.00  0.00  0.00   0.00 0.00 0.00 0.00
45500 0.00  0.00  0.00  0.00  0.00  0.00  0.00   0.00 0.00 0.00 0.00
45600 0.00  3.04  3.69  2.98  0.03  12.66  13.60   0.55 5.69 0.01 0.48
45700 0.00  0.00  0.00  0.00  0.00  0.00  0.00   0.00 0.00 0.00 0.00
45800 0.00  0.00  0.00  0.00  0.00  0.00  0.00   0.00 0.00 0.00 0.00
45900 0.00  3.05  3.61  3.03  0.01  12.80  13.50   0.53 4.93 0.01 0.50
46000 0.00  0.00  0.00  0.00  0.00  0.00  0.00   0.00 0.00 0.00 0.00
46100 0.00  0.00  0.00  0.00  0.00  0.00  0.00   0.00 0.00 0.00 0.00
46200 0.00  2.82  3.82  2.80  0.01  12.90  13.65   0.48 11.08 0.01 0.55
46300 0.00  0.00  0.00  0.00  0.00  0.00  0.00   0.00 0.00 0.00 0.00
46400 0.00  0.00  0.00  0.00  0.00  0.00  0.00   0.00 0.00 0.00 0.00
46500 0.00  2.79  3.85  2.77  0.01  12.88  13.70   0.46 11.06 0.01 0.58
46600 0.00  0.00  0.00  0.00  0.00  0.00  0.00   0.00 0.00 0.00 0.00
46700 0.00  0.00  0.00  0.00  0.00  0.00  0.00   0.00 0.00 0.00 0.00
46800 0.01  2.74  3.83  2.64  0.06  12.87  13.85   0.40 11.70 0.01 0.67
46900 0.00  0.00  0.00  0.00  0.00  0.00  0.00   0.00 0.00 0.00 0.00
47000 0.00  0.00  0.00  0.00  0.00  0.00  0.00   0.00 0.00 0.00 0.00
47100 0.01  2.70  3.84  2.60  0.06  12.92  13.87   0.44 9.63 0.01 0.61
47200 0.00  0.00  0.00  0.00  0.00  0.00  0.00   0.00 0.00 0.00 0.00
47300 0.00  0.00  0.00  0.00  0.00  0.00  0.00   0.00 0.00 0.00 0.00
47400 0.00  2.64  3.89  2.60  0.02  12.90  13.95   0.39 8.13 0.01 0.69
47500 0.00  0.00  0.00  0.00  0.00  0.00  0.00   0.00 0.00 0.00 0.00
47600 0.00  0.00  0.00  0.00  0.00  0.00  0.00   0.00 0.00 0.00 0.00
47700 0.01  2.79  3.56  2.77  0.02  12.96  13.89   0.45 12.75 0.01 0.60
47800 0.00  0.00  0.00  0.00  0.00  0.00  0.00   0.00 0.00 0.00 0.00
47900 0.00  0.00  0.00  0.00  0.00  0.00  0.00   0.00 0.00 0.00 0.00
48000 0.01  2.94  3.34  2.90  0.03  12.74  14.04   0.41 11.82 0.01 0.65
48100 0.00  0.00  0.00  0.00  0.00  0.00  0.00   0.00 0.00 0.00 0.00
48200 0.00  0.00  0.00  0.00  0.00  0.00  0.00   0.00 0.00 0.00 0.00
48300 0.00  2.82  3.45  2.80  0.01  12.65  14.27   0.37 12.62 0.01 0.73
48400 0.00  0.00  0.00  0.00  0.00  0.00  0.00   0.00 0.00 0.00 0.00
48500 0.00  0.00  0.00  0.00  0.00  0.00  0.00   0.00 0.00 0.00 0.00
48600 0.00  2.79  3.52  2.73  0.03  12.75  14.18   0.44 7.99 0.01 0.61
48700 0.00  0.00  0.00  0.00  0.00  0.00  0.00   0.00 0.00 0.00 0.00
48800 0.00  0.00  0.00  0.00  0.00  0.00  0.00   0.00 0.00 0.00 0.00
48900 0.00  2.78  3.50  2.72  0.03  12.71  14.26   0.43 10.98 0.01 0.63
49000 0.00  0.00  0.00  0.00  0.00  0.00  0.00   0.00 0.00 0.00 0.00
49100 0.00  0.00  0.00  0.00  0.00  0.00  0.00   0.00 0.00 0.00 0.00
49200 0.00  2.79  3.60  2.71  0.04  12.68  14.18   0.39 10.56 0.01 0.69
49300 0.00  0.00  0.00  0.00  0.00  0.00  0.00   0.00 0.00 0.00 0.00
49400 0.00  0.00  0.00  0.00  0.00  0.00  0.00   0.00 0.00 0.00 0.00
49500 0.00  2.76  3.62  2.74  0.01  12.65  14.22   0.39 9.81 0.01 0.69
49600 0.00  0.00  0.00  0.00  0.00  0.00  0.00   0.00 0.00 0.00 0.00
49700 0.00  0.00  0.00  0.00  0.00  0.00  0.00   0.00 0.00 0.00 0.00
49800 0.00  2.69  3.65  2.59  0.05  12.55  14.47   0.40 6.94 0.01 0.68
49900 0.00  0.00  0.00  0.00  0.00  0.00  0.00   0.00 0.00 0.00 0.00
50000 0.00  0.00  0.00  0.00  0.00  0.00  0.00   0.00 0.00 0.00 0.00
50100 0.00  2.63  3.71  2.57  0.03  12.73  14.33   0.36 10.17 0.01 0.75
50200 0.00  0.00  0.00  0.00  0.00  0.00  0.00   0.00 0.00 0.00 0.00
50300 0.00  0.00  0.00  0.00  0.00  0.00  0.00   0.00 0.00 0.00 0.00
50400 0.02  2.62  3.62  2.58  0.04  12.75  14.37   0.34 6.96 0.01 0.80
50500 0.00  0.00  0.00  0.00  0.00  0.00  0.00   0.00 0.00 0.00 0.00
50600 0.00  0.00  0.00  0.00  0.00  0.00  0.00   0.00 0.00 0.00 0.00
50700 0.00  2.75  3.44  2.69  0.03  12.53  14.56   0.39 6.99 0.01 0.69
50800 0.00  0.00  0.00  0.00  0.00  0.00  0.00   0.00 0.00 0.00 0.00
50900 0.00  0.00  0.00  0.00  0.00  0.00  0.00   0.00 0.00 0.00 0.00
51000 0.00  2.82  3.43  2.74  0.04  12.69  14.28   0.36 13.04 0.01 0.75
51100 0.00  0.00  0.00  0.00  0.00  0.00  0.00   0.00 0.00 0.00 0.00
51200 0.00  0.00  0.00  0.00  0.00  0.00  0.00   0.00 0.00 0.00 0.00
51300 0.00  2.96  3.25  2.88  0.04  12.67  14.20   0.38 6.24 0.01 0.71
51400 0.00  0.00  0.00  0.00  0.00  0.00  0.00   0.00 0.00 0.00 0.00
51500 0.00  0.00  0.00  0.00  0.00  0.00  0.00   0.00 0.00 0.00 0.00
51600 0.01  2.79  3.29  2.79  0.01  12.60  14.51   0.33 12.59 0.01 0.82
51700 0.00  0.00  0.00  0.00  0.00  0.00  0.00   0.00 0.00 0.00 0.00
51800 0.00  0.00  0.00  0.00  0.00  0.00  0.00   0.00 0.00 0.00 0.00
51900 0.00  2.73  3.30  2.71  0.01  12.67  14.58   0.34 13.37 0.01 0.80
52000 0.00  0.00  0.00  0.00  0.00  0.00  0.00   0.00 0.00 0.00 0.00
52100 0.00  0.00  0.00  0.00  0.00  0.00  0.00   0.00 0.00 0.00 0.00
52200 0.00  2.68  3.35  2.68  0.00  12.80  14.49   0.32 13.24 0.01 0.85
52300 0.00  0.00  0.00  0.00  0.00  0.00  0.00   0.00 0.00 0.00 0.00
52400 0.00  0.00  0.00  0.00  0.00  0.00  0.00   0.00 0.00 0.00 0.00
52500 0.00  2.65  3.25  2.61  0.02  12.91  14.56   0.39 11.34 0.01 0.70
52600 0.00  0.00  0.00  0.00  0.00  0.00  0.00   0.00 0.00 0.00 0.00
52700 0.00  0.00  0.00  0.00  0.00  0.00  0.00   0.00 0.00 0.00 0.00
52800 0.00  2.71  3.16  2.69  0.01  12.72  14.71   0.34 12.67 0.01 0.81
52900 0.00  0.00  0.00  0.00  0.00  0.00  0.00   0.00 0.00 0.00 0.00
53000 0.00  0.00  0.00  0.00  0.00  0.00  0.00   0.00 0.00 0.00 0.00
53100 0.00  2.68  3.23  2.64  0.02  12.69  14.74   0.37 9.52 0.01 0.74
53200 0.00  0.00  0.00  0.00  0.00  0.00  0.00   0.00 0.00 0.00 0.00
53300 0.00  0.00  0.00  0.00  0.00  0.00  0.00   0.00 0.00 0.00 0.00
53400 0.00  2.56  3.25  2.54  0.01  12.74  14.90   0.31 12.12 0.01 0.89
53500 0.00  0.00  0.00  0.00  0.00  0.00  0.00   0.00 0.00 0.00 0.00
53600 0.00  0.00  0.00  0.00  0.00  0.00  0.00   0.00 0.00 0.00 0.00
53700 0.00  2.48  3.40  2.46  0.01  12.51  15.14   0.39 12.26 0.01 0.71
53800 0.00  0.00  0.00  0.00  0.00  0.00  0.00   0.00 0.00 0.00 0.00
53900 0.00  0.00  0.00  0.00  0.00  0.00  0.00   0.00 0.00 0.00 0.00
54000 0.00  2.58  3.23  2.58  0.00  12.56  15.05   0.33 12.00 0.01 0.84
54100 0.00  0.00  0.00  0.00  0.00  0.00  0.00   0.00 0.00 0.00 0.00
54200 0.00  0.00  0.00  0.00  0.00  0.00  0.00   0.00 0.00 0.00 0.00
54300 0.00  2.56  3.37  2.54  0.01  12.46  15.06   0.41 9.57 0.01 0.67
54400 0.00  0.00  0.00  0.00  0.00  0.00  0.00   0.00 0.00 0.00 0.00
54500 0.00  0.00  0.00  0.00  0.00  0.00  0.00   0.00 0.00 0.00 0.00
54600 0.00  2.40  3.36  2.34  0.03  12.81  15.06   0.31 12.80 0.01 0.90
54700 0.00  0.00  0.00  0.00  0.00  0.00  0.00   0.00 0.00 0.00 0.00
54800 0.00  0.00  0.00  0.00  0.00  0.00  0.00   0.00 0.00 0.00 0.00
54900 0.00  2.62  3.02  2.58  0.02  12.54  15.22   0.33 12.22 0.01 0.84
55000 0.00  0.00  0.00  0.00  0.00  0.00  0.00   0.00 0.00 0.00 0.00
55100 0.00  0.00  0.00  0.00  0.00  0.00  0.00   0.00 0.00 0.00 0.00
55200 0.00  2.47  3.27  2.41  0.03  12.57  15.25   0.31 10.47 0.01 0.90
55300 0.00  0.00  0.00  0.00  0.00  0.00  0.00   0.00 0.00 0.00 0.00
55400 0.00  0.00  0.00  0.00  0.00  0.00  0.00   0.00 0.00 0.00 0.00
55500 0.00  2.48  3.20  2.46  0.01  12.56  15.29   0.25 11.53 0.01 1.11
55600 0.00  0.00  0.00  0.00  0.00  0.00  0.00   0.00 0.00 0.00 0.00
55700 0.00  0.00  0.00  0.00  0.00  0.00  0.00   0.00 0.00 0.00 0.00
55800 0.00  2.26  3.30  2.24  0.01  12.74  15.45   0.23 12.37 0.01 1.23
55900 0.00  0.00  0.00  0.00  0.00  0.00  0.00   0.00 0.00 0.00 0.00
56000 0.00  0.00  0.00  0.00  0.00  0.00  0.00   0.00 0.00 0.00 0.00
56100 0.00  2.31  3.16  2.29  0.01  12.66  15.57   0.26 11.56 0.01 1.09
56200 0.00  0.00  0.00  0.00  0.00  0.00  0.00   0.00 0.00 0.00 0.00
56300 0.00  0.00  0.00  0.00  0.00  0.00  0.00   0.00 0.00 0.00 0.00
56400 0.00  2.35  3.20  2.27  0.04  12.66  15.48   0.27 11.55 0.01 1.04
56500 0.00  0.00  0.00  0.00  0.00  0.00  0.00   0.00 0.00 0.00 0.00
56600 0.00  0.00  0.00  0.00  0.00  0.00  0.00   0.00 0.00 0.00 0.00
56700 0.01  2.18  3.32  2.16  0.02  12.77  15.54   0.27 11.61 0.01 1.05
56800 0.00  0.00  0.00  0.00  0.00  0.00  0.00   0.00 0.00 0.00 0.00
56900 0.00  0.00  0.00  0.00  0.00  0.00  0.00   0.00 0.00 0.00 0.00
57000 0.00  2.25  3.23  2.21  0.02  12.89  15.40   0.21 11.64 0.01 1.35
57100 0.00  0.00  0.00  0.00  0.00  0.00  0.00   0.00 0.00 0.00 0.00
57200 0.00  0.00  0.00  0.00  0.00  0.00  0.00   0.00 0.00 0.00 0.00
57300 0.00  2.32  3.13  2.24  0.04  12.90  15.37   0.29 10.87 0.01 0.97
57400 0.00  0.00  0.00  0.00  0.00  0.00  0.00   0.00 0.00 0.00 0.00
57500 0.00  0.00  0.00  0.00  0.00  0.00  0.00   0.00 0.00 0.00 0.00
57600 0.00  2.36  3.10  2.32  0.02  12.73  15.47   0.26 10.86 0.01 1.08
57700 0.00  0.00  0.00  0.00  0.00  0.00  0.00   0.00 0.00 0.00 0.00
57800 0.00  0.00  0.00  0.00  0.00  0.00  0.00   0.00 0.00 0.00 0.00
57900 0.00  2.32  3.06  2.30  0.01  12.80  15.51   0.20 11.65 0.01 1.42
58000 0.00  0.00  0.00  0.00  0.00  0.00  0.00   0.00 0.00 0.00 0.00
58100 0.00  0.00  0.00  0.00  0.00  0.00  0.00   0.00 0.00 0.00 0.00
58200 0.00  2.14  3.15  2.12  0.01  13.02  15.56   0.18 11.65 0.01 1.59
58300 0.00  0.00  0.00  0.00  0.00  0.00  0.00   0.00 0.00 0.00 0.00
58400 0.00  0.00  0.00  0.00  0.00  0.00  0.00   0.00 0.00 0.00 0.00
58500 0.00  2.23  2.96  2.17  0.03  13.00  15.61   0.17 11.82 0.01 1.68
58600 0.00  0.00  0.00  0.00  0.00  0.00  0.00   0.00 0.00 0.00 0.00
58700 0.00  0.00  0.00  0.00  0.00  0.00  0.00   0.00 0.00 0.00 0.00
58800 0.00  2.11  2.94  2.09  0.01  13.04  15.81   0.20 12.01 0.01 1.44
58900 0.00  0.00  0.00  0.00  0.00  0.00  0.00   0.00 0.00 0.00 0.00
59000 0.00  0.00  0.00  0.00  0.00  0.00  0.00   0.00 0.00 0.00 0.00
59100 0.00  2.20  2.81  2.18  0.01  13.09  15.71   0.17 12.04 0.01 1.69
59200 0.00  0.00  0.00  0.00  0.00  0.00  0.00   0.00 0.00 0.00 0.00
59300 0.00  0.00  0.00  0.00  0.00  0.00  0.00   0.00 0.00 0.00 0.00
59400 0.01  2.28  2.85  2.20  0.05  12.89  15.72   0.17 12.68 0.01 1.68
59500 0.00  0.00  0.00  0.00  0.00  0.00  0.00   0.00 0.00 0.00 0.00
59600 0.00  0.00  0.00  0.00  0.00  0.00  0.00   0.00 0.00 0.00 0.00
59700 0.00  2.22  2.83  2.14  0.04  13.06  15.71   0.21 14.54 0.01 1.37
59800 0.00  0.00  0.00  0.00  0.00  0.00  0.00   0.00 0.00 0.00 0.00
59900 0.00  0.00  0.00  0.00  0.00  0.00  0.00   0.00 0.00 0.00 0.00
60000 0.00  2.32  2.66  2.22  0.05  12.92  15.83   0.20 12.19 0.01 1.44
60100 0.00  0.00  0.00  0.00  0.00  0.00  0.00   0.00 0.00 0.00 0.00
60200 0.00  0.00  0.00  0.00  0.00  0.00  0.00   0.00 0.00 0.00 0.00
60300 0.00  2.23  2.67  2.15  0.04  13.10  15.81   0.21 13.83 0.01 1.38
60400 0.00  0.00  0.00  0.00  0.00  0.00  0.00   0.00 0.00 0.00 0.00
60500 0.00  0.00  0.00  0.00  0.00  0.00  0.00   0.00 0.00 0.00 0.00
60600 0.00  2.10  2.83  2.04  0.03  13.08  15.92   0.20 14.03 0.01 1.45
60700 0.00  0.00  0.00  0.00  0.00  0.00  0.00   0.00 0.00 0.00 0.00
60800 0.00  0.00  0.00  0.00  0.00  0.00  0.00   0.00 0.00 0.00 0.00
60900 0.00  2.26  2.61  2.18  0.04  13.09  15.82   0.18 12.83 0.01 1.61
61000 0.00  0.00  0.00  0.00  0.00  0.00  0.00   0.00 0.00 0.00 0.00
61100 0.00  0.00  0.00  0.00  0.00  0.00  0.00   0.00 0.00 0.00 0.00
61200 0.01  2.13  2.86  2.07  0.04  13.16  15.73   0.21 12.07 0.01 1.38
61300 0.00  0.00  0.00  0.00  0.00  0.00  0.00   0.00 0.00 0.00 0.00
61400 0.00  0.00  0.00  0.00  0.00  0.00  0.00   0.00 0.00 0.00 0.00
61500 0.00  2.01  2.80  1.97  0.02  13.14  16.06   0.21 12.32 0.01 1.39
61600 0.00  0.00  0.00  0.00  0.00  0.00  0.00   0.00 0.00 0.00 0.00
61700 0.00  0.00  0.00  0.00  0.00  0.00  0.00   0.00 0.00 0.00 0.00
61800 0.00  2.08  2.67  2.02  0.03  13.10  16.10   0.19 11.59 0.01 1.54
61900 0.00  0.00  0.00  0.00  0.00  0.00  0.00   0.00 0.00 0.00 0.00
62000 0.00  0.00  0.00  0.00  0.00  0.00  0.00   0.00 0.00 0.00 0.00
62100 0.00  2.03  2.75  2.03  0.00  13.34  15.85   0.19 12.09 0.01 1.54
62200 0.00  0.00  0.00  0.00  0.00  0.00  0.00   0.00 0.00 0.00 0.00
62300 0.00  0.00  0.00  0.00  0.00  0.00  0.00   0.00 0.00 0.00 0.00
62400 0.00  2.07  2.62  1.99  0.04  13.29  15.99   0.19 12.18 0.01 1.54
62500 0.00  0.00  0.00  0.00  0.00  0.00  0.00   0.00 0.00 0.00 0.00
62600 0.00  0.00  0.00  0.00  0.00  0.00  0.00   0.00 0.00 0.00 0.00
62700 0.00  1.94  2.80  1.94  0.00  13.31  16.01   0.18 12.19 0.01 1.63
62800 0.00  0.00  0.00  0.00  0.00  0.00  0.00   0.00 0.00 0.00 0.00
62900 0.00  0.00  0.00  0.00  0.00  0.00  0.00   0.00 0.00 0.00 0.00
63000 0.00  1.99  2.72  1.97  0.01  13.38  15.93   0.19 11.51 0.01 1.54
63100 0.00  0.00  0.00  0.00  0.00  0.00  0.00   0.00 0.00 0.00 0.00
63200 0.00  0.00  0.00  0.00  0.00  0.00  0.00   0.00 0.00 0.00 0.00
63300 0.01  2.01  2.68  2.03  0.00  13.35  15.92   0.15 13.28 0.01 1.95
63400 0.00  0.00  0.00  0.00  0.00  0.00  0.00   0.00 0.00 0.00 0.00
63500 0.00  0.00  0.00  0.00  0.00  0.00  0.00   0.00 0.00 0.00 0.00
63600 0.00  1.93  2.82  1.91  0.01  13.30  16.03   0.16 12.30 0.01 1.83
63700 0.00  0.00  0.00  0.00  0.00  0.00  0.00   0.00 0.00 0.00 0.00
63800 0.00  0.00  0.00  0.00  0.00  0.00  0.00   0.00 0.00 0.00 0.00
63900 0.00  1.98  2.68  1.96  0.01  13.32  16.05   0.15 11.63 0.01 1.96
64000 0.00  0.00  0.00  0.00  0.00  0.00  0.00   0.00 0.00 0.00 0.00
64100 0.00  0.00  0.00  0.00  0.00  0.00  0.00   0.00 0.00 0.00 0.00
64200 0.01  1.89  2.79  1.91  0.00  13.37  16.03   0.15 12.66 0.01 1.96
64300 0.00  0.00  0.00  0.00  0.00  0.00  0.00   0.00 0.00 0.00 0.00
64400 0.00  0.00  0.00  0.00  0.00  0.00  0.00   0.00 0.00 0.00 0.00
64500 0.00  1.97  2.56  1.97  0.00  13.24  16.26   0.14 12.53 0.01 2.11
64600 0.00  0.00  0.00  0.00  0.00  0.00  0.00   0.00 0.00 0.00 0.00
64700 0.00  0.00  0.00  0.00  0.00  0.00  0.00   0.00 0.00 0.00 0.00
64800 0.00  1.93  2.52  1.89  0.02  13.29  16.35   0.15 12.51 0.01 1.98
64900 0.00  0.00  0.00  0.00  0.00  0.00  0.00   0.00 0.00 0.00 0.00
65000 0.00  0.00  0.00  0.00  0.00  0.00  0.00   0.00 0.00 0.00 0.00
65100 0.00  2.02  2.56  1.98  0.02  13.20  16.22   0.16 12.51 0.01 1.84
65200 0.00  0.00  0.00  0.00  0.00  0.00  0.00   0.00 0.00 0.00 0.00
65300 0.00  0.00  0.00  0.00  0.00  0.00  0.00   0.00 0.00 0.00 0.00
65400 0.00  1.99  2.65  1.97  0.01  13.25  16.13   0.19 15.13 0.01 1.55
65500 0.00  0.00  0.00  0.00  0.00  0.00  0.00   0.00 0.00 0.00 0.00
65600 0.00  0.00  0.00  0.00  0.00  0.00  0.00   0.00 0.00 0.00 0.00
65700 0.00  2.04  2.56  2.00  0.02  13.27  16.11   0.15 12.54 0.01 1.96
65800 0.00  0.00  0.00  0.00  0.00  0.00  0.00   0.00 0.00 0.00 0.00
65900 0.00  0.00  0.00  0.00  0.00  0.00  0.00   0.00 0.00 0.00 0.00
66000 0.00  1.85  2.68  1.81  0.02  13.49  16.15   0.14 15.78 0.01 2.12
66100 0.00  0.00  0.00  0.00  0.00  0.00  0.00   0.00 0.00 0.00 0.00
66200 0.00  0.00  0.00  0.00  0.00  0.00  0.00   0.00 0.00 0.00 0.00
66300 0.00  1.88  2.61  1.84  0.02  13.47  16.18   0.14 13.25 0.01 2.12
66400 0.00  0.00  0.00  0.00  0.00  0.00  0.00   0.00 0.00 0.00 0.00
66500 0.00  0.00  0.00  0.00  0.00  0.00  0.00   0.00 0.00 0.00 0.00
66600 0.00  1.90  2.65  1.88  0.01  13.49  16.07   0.09 13.48 0.01 3.28
66700 0.00  0.00  0.00  0.00  0.00  0.00  0.00   0.00 0.00 0.00 0.00
66800 0.00  0.00  0.00  0.00  0.00  0.00  0.00   0.00 0.00 0.00 0.00
66900 0.00  1.82  2.70  1.78  0.02  13.50  16.18   0.12 15.83 0.01 2.47
67000 0.00  0.00  0.00  0.00  0.00  0.00  0.00   0.00 0.00 0.00 0.00
67100 0.00  0.00  0.00  0.00  0.00  0.00  0.00   0.00 0.00 0.00 0.00
67200 0.00  1.87  2.62  1.83  0.02  13.47  16.19   0.13 15.09 0.01 2.28
67300 0.00  0.00  0.00  0.00  0.00  0.00  0.00   0.00 0.00 0.00 0.00
67400 0.00  0.00  0.00  0.00  0.00  0.00  0.00   0.00 0.00 0.00 0.00
67500 0.00  1.81  2.61  1.77  0.02  13.50  16.29   0.12 16.00 0.01 2.48
67600 0.00  0.00  0.00  0.00  0.00  0.00  0.00   0.00 0.00 0.00 0.00
67700 0.00  0.00  0.00  0.00  0.00  0.00  0.00   0.00 0.00 0.00 0.00
67800 0.00  1.82  2.55  1.82  0.00  13.52  16.29   0.12 15.99 0.01 2.48
67900 0.00  0.00  0.00  0.00  0.00  0.00  0.00   0.00 0.00 0.00 0.00
68000 0.00  0.00  0.00  0.00  0.00  0.00  0.00   0.00 0.00 0.00 0.00
68100 0.00  1.81  2.59  1.79  0.01  13.53  16.27   0.11 15.95 0.01 2.71
68200 0.00  0.00  0.00  0.00  0.00  0.00  0.00   0.00 0.00 0.00 0.00
68300 0.00  0.00  0.00  0.00  0.00  0.00  0.00   0.00 0.00 0.00 0.00
68400 0.00  1.82  2.45  1.82  0.00  13.56  16.35   0.12 16.01 0.01 2.49
68500 0.00  0.00  0.00  0.00  0.00  0.00  0.00   0.00 0.00 0.00 0.00
68600 0.00  0.00  0.00  0.00  0.00  0.00  0.00   0.00 0.00 0.00 0.00
68700 0.01  1.81  2.59  1.79  0.02  13.44  16.34   0.09 16.04 0.01 3.31
68800 0.00  0.00  0.00  0.00  0.00  0.00  0.00   0.00 0.00 0.00 0.00
68900 0.00  0.00  0.00  0.00  0.00  0.00  0.00   0.00 0.00 0.00 0.00
69000 0.00  1.83  2.54  1.79  0.02  13.51  16.31   0.12 13.48 0.01 2.48
69100 0.00  0.00  0.00  0.00  0.00  0.00  0.00   0.00 0.00 0.00 0.00
69200 0.00  0.00  0.00  0.00  0.00  0.00  0.00   0.00 0.00 0.00 0.00
69300 0.00  1.75  2.51  1.69  0.03  13.68  16.34   0.09 15.99 0.01 3.34
69400 0.00  0.00  0.00  0.00  0.00  0.00  0.00   0.00 0.00 0.00 0.00
69500 0.00  0.00  0.00  0.00  0.00  0.00  0.00   0.00 0.00 0.00 0.00
69600 0.00  1.88  2.45  1.86  0.01  13.58  16.22   0.10 15.82 0.01 2.98
69700 0.00  0.00  0.00  0.00  0.00  0.00  0.00   0.00 0.00 0.00 0.00
69800 0.00  0.00  0.00  0.00  0.00  0.00  0.00   0.00 0.00 0.00 0.00
69900 0.00  1.91  2.41  1.83  0.04  13.60  16.21   0.09 15.88 0.01 3.31
70000 0.00  0.00  0.00  0.00  0.00  0.00  0.00   0.00 0.00 0.00 0.00
70100 0.00  0.00  0.00  0.00  0.00  0.00  0.00   0.00 0.00 0.00 0.00
70200 0.00  1.87  2.42  1.85  0.01  13.56  16.29   0.11 15.97 0.01 2.71
70300 0.00  0.00  0.00  0.00  0.00  0.00  0.00   0.00 0.00 0.00 0.00
70400 0.00  0.00  0.00  0.00  0.00  0.00  0.00   0.00 0.00 0.00 0.00
70500 0.00  1.80  2.41  1.74  0.03  13.58  16.44   0.09 16.11 0.01 3.34
70600 0.00  0.00  0.00  0.00  0.00  0.00  0.00   0.00 0.00 0.00 0.00
70700 0.00  0.00  0.00  0.00  0.00  0.00  0.00   0.00 0.00 0.00 0.00
70800 0.00  1.74  2.51  1.68  0.03  13.62  16.42   0.11 13.54 0.01 2.73
70900 0.00  0.00  0.00  0.00  0.00  0.00  0.00   0.00 0.00 0.00 0.00
71000 0.00  0.00  0.00  0.00  0.00  0.00  0.00   0.00 0.00 0.00 0.00
71100 0.00  1.66  2.50  1.62  0.02  13.78  16.42   0.11 16.10 0.01 2.75
71200 0.00  0.00  0.00  0.00  0.00  0.00  0.00   0.00 0.00 0.00 0.00
71300 0.00  0.00  0.00  0.00  0.00  0.00  0.00   0.00 0.00 0.00 0.00
71400 0.00  1.67  2.43  1.65  0.01  13.73  16.51   0.10 16.17 0.01 3.02
71500 0.00  0.00  0.00  0.00  0.00  0.00  0.00   0.00 0.00 0.00 0.00
71600 0.00  0.00  0.00  0.00  0.00  0.00  0.00   0.00 0.00 0.00 0.00
71700 0.00  1.72  2.32  1.70  0.01  13.83  16.42   0.11 16.08 0.01 2.75
71800 0.00  0.00  0.00  0.00  0.00  0.00  0.00   0.00 0.00 0.00 0.00
71900 0.00  0.00  0.00  0.00  0.00  0.00  0.00   0.00 0.00 0.00 0.00
72000 0.00  1.71  2.29  1.67  0.02  13.88  16.43   0.08 16.14 0.01 3.79
72100 0.00  0.00  0.00  0.00  0.00  0.00  0.00   0.00 0.00 0.00 0.00
72200 0.00  0.00  0.00  0.00  0.00  0.00  0.00   0.00 0.00 0.00 0.00
72300 0.00  1.61  2.40  1.61  0.00  13.97  16.41   0.06 16.15 0.05 5.06
72400 0.00  0.00  0.00  0.00  0.00  0.00  0.00   0.00 0.00 0.00 0.00
72500 0.00  0.00  0.00  0.00  0.00  0.00  0.00   0.00 0.00 0.00 0.00
72600 0.00  1.62  2.41  1.62  0.00  13.83  16.52   0.07 16.21 0.01 4.34
72700 0.00  0.00  0.00  0.00  0.00  0.00  0.00   0.00 0.00 0.00 0.00
72800 0.00  0.00  0.00  0.00  0.00  0.00  0.00   0.00 0.00 0.00 0.00
72900 0.00  1.74  2.39  1.74  0.00  13.78  16.35   0.10 16.03 0.01 3.01
73000 0.00  0.00  0.00  0.00  0.00  0.00  0.00   0.00 0.00 0.00 0.00
73100 0.00  0.00  0.00  0.00  0.00  0.00  0.00   0.00 0.00 0.00 0.00
73200 0.00  1.71  2.35  1.71  0.00  13.80  16.43   0.07 16.14 0.01 4.32
73300 0.00  0.00  0.00  0.00  0.00  0.00  0.00   0.00 0.00 0.00 0.00
73400 0.00  0.00  0.00  0.00  0.00  0.00  0.00   0.00 0.00 0.00 0.00
73500 0.00  1.64  2.48  1.64  0.00  13.74  16.50   0.08 16.21 0.01 3.78
73600 0.00  0.00  0.00  0.00  0.00  0.00  0.00   0.00 0.00 0.00 0.00
73700 0.00  0.00  0.00  0.00  0.00  0.00  0.00   0.00 0.00 0.00 0.00
73800 0.00  1.68  2.42  1.64  0.02  13.81  16.43   0.10 16.14 0.01 3.02
73900 0.00  0.00  0.00  0.00  0.00  0.00  0.00   0.00 0.00 0.00 0.00
74000 0.00  0.00  0.00  0.00  0.00  0.00  0.00   0.00 0.00 0.00 0.00
74100 0.00  1.74  2.20  1.72  0.01  13.86  16.47   0.10 16.16 0.01 3.03
74200 0.00  0.00  0.00  0.00  0.00  0.00  0.00   0.00 0.00 0.00 0.00
74300 0.00  0.00  0.00  0.00  0.00  0.00  0.00   0.00 0.00 0.00 0.00
74400 0.01  1.81  2.16  1.83  0.00  13.84  16.35   0.07 16.03 0.01 4.31
74500 0.00  0.00  0.00  0.00  0.00  0.00  0.00   0.00 0.00 0.00 0.00
74600 0.00  0.00  0.00  0.00  0.00  0.00  0.00   0.00 0.00 0.00 0.00
74700 0.00  1.86  2.20  1.84  0.01  13.76  16.33   0.07 16.06 0.01 4.30
74800 0.00  0.00  0.00  0.00  0.00  0.00  0.00   0.00 0.00 0.00 0.00
74900 0.00  0.00  0.00  0.00  0.00  0.00  0.00   0.00 0.00 0.00 0.00
75000 0.00  1.69  2.29  1.69  0.00  13.94  16.39   0.06 16.12 0.01 5.05
75100 0.00  0.00  0.00  0.00  0.00  0.00  0.00   0.00 0.00 0.00 0.00
75200 0.00  0.00  0.00  0.00  0.00  0.00  0.00   0.00 0.00 0.00 0.00
75300 0.00  1.72  2.29  1.72  0.00  13.97  16.30   0.06 16.08 0.04 5.04
75400 0.00  0.00  0.00  0.00  0.00  0.00  0.00   0.00 0.00 0.00 0.00
75500 0.00  0.00  0.00  0.00  0.00  0.00  0.00   0.00 0.00 0.00 0.00
75600 0.00  1.83  2.24  1.77  0.03  13.91  16.22   0.07 15.96 0.01 4.30
75700 0.00  0.00  0.00  0.00  0.00  0.00  0.00   0.00 0.00 0.00 0.00
75800 0.00  0.00  0.00  0.00  0.00  0.00  0.00   0.00 0.00 0.00 0.00
75900 0.00  1.77  2.19  1.77  0.00  13.98  16.29   0.06 16.06 0.02 5.04
76000 0.00  0.00  0.00  0.00  0.00  0.00  0.00   0.00 0.00 0.00 0.00
76100 0.00  0.00  0.00  0.00  0.00  0.00  0.00   0.00 0.00 0.00 0.00
76200 0.00  1.68  2.38  1.68  0.00  14.02  16.24   0.06 15.99 0.01 5.04
76300 0.00  0.00  0.00  0.00  0.00  0.00  0.00   0.00 0.00 0.00 0.00
76400 0.00  0.00  0.00  0.00  0.00  0.00  0.00   0.00 0.00 0.00 0.00
76500 0.00  1.75  2.32  1.71  0.02  14.03  16.17   0.06 14.03 0.03 5.03
76600 0.00  0.00  0.00  0.00  0.00  0.00  0.00   0.00 0.00 0.00 0.00
76700 0.00  0.00  0.00  0.00  0.00  0.00  0.00   0.00 0.00 0.00 0.00
76800 0.00  1.71  2.33  1.71  0.00  14.07  16.18   0.07 14.06 0.01 4.32
76900 0.00  0.00  0.00  0.00  0.00  0.00  0.00   0.00 0.00 0.00 0.00
77000 0.00  0.00  0.00  0.00  0.00  0.00  0.00   0.00 0.00 0.00 0.00
77100 0.00  1.64  2.37  1.64  0.00  14.06  16.29   0.07 14.05 0.01 4.34
77200 0.00  0.00  0.00  0.00  0.00  0.00  0.00   0.00 0.00 0.00 0.00
77300 0.00  0.00  0.00  0.00  0.00  0.00  0.00   0.00 0.00 0.00 0.00
77400 0.01  1.75  2.38  1.75  0.01  14.07  16.03   0.08 13.42 0.01 3.76
77500 0.00  0.00  0.00  0.00  0.00  0.00  0.00   0.00 0.00 0.00 0.00
77600 0.00  0.00  0.00  0.00  0.00  0.00  0.00   0.00 0.00 0.00 0.00
77700 0.00  1.77  2.29  1.77  0.00  14.07  16.10   0.08 14.07 0.01 3.77
77800 0.00  0.00  0.00  0.00  0.00  0.00  0.00   0.00 0.00 0.00 0.00
77900 0.00  0.00  0.00  0.00  0.00  0.00  0.00   0.00 0.00 0.00 0.00
78000 0.00  1.84  2.21  1.82  0.01  13.99  16.13   0.10 13.99 0.01 3.01
78100 0.00  0.00  0.00  0.00  0.00  0.00  0.00   0.00 0.00 0.00 0.00
78200 0.00  0.00  0.00  0.00  0.00  0.00  0.00   0.00 0.00 0.00 0.00
78300 0.00  1.71  2.35  1.69  0.01  14.04  16.20   0.09 13.92 0.01 3.36
78400 0.00  0.00  0.00  0.00  0.00  0.00  0.00   0.00 0.00 0.00 0.00
78500 0.00  0.00  0.00  0.00  0.00  0.00  0.00   0.00 0.00 0.00 0.00
78600 0.01  1.77  2.34  1.79  0.00  13.95  16.14   0.08 13.95 0.01 3.76
78700 0.00  0.00  0.00  0.00  0.00  0.00  0.00   0.00 0.00 0.00 0.00
78800 0.00  0.00  0.00  0.00  0.00  0.00  0.00   0.00 0.00 0.00 0.00
78900 0.00  1.75  2.27  1.73  0.01  14.09  16.15   0.11 13.34 0.01 2.75
79000 0.00  0.00  0.00  0.00  0.00  0.00  0.00   0.00 0.00 0.00 0.00
79100 0.00  0.00  0.00  0.00  0.00  0.00  0.00   0.00 0.00 0.00 0.00
79200 0.01  1.67  2.37  1.69  0.00  14.14  16.12   0.08 13.35 0.01 3.78
79300 0.00  0.00  0.00  0.00  0.00  0.00  0.00   0.00 0.00 0.00 0.00
79400 0.00  0.00  0.00  0.00  0.00  0.00  0.00   0.00 0.00 0.00 0.00
79500 0.00  1.71  2.23  1.71  0.00  14.19  16.16   0.08 13.45 0.04 3.79
79600 0.00  0.00  0.00  0.00  0.00  0.00  0.00   0.00 0.00 0.00 0.00
79700 0.00  0.00  0.00  0.00  0.00  0.00  0.00   0.00 0.00 0.00 0.00
79800 0.01  1.70  2.27  1.68  0.02  14.15  16.17   0.08 13.47 0.04 3.79
79900 0.00  0.00  0.00  0.00  0.00  0.00  0.00   0.00 0.00 0.00 0.00
80000 0.00  0.00  0.00  0.00  0.00  0.00  0.00   0.00 0.00 0.00 0.00
80100 0.00  1.56  2.37  1.56  0.00  14.28  16.23   0.11 13.46 0.01 2.77
80200 0.00  0.00  0.00  0.00  0.00  0.00  0.00   0.00 0.00 0.00 0.00
80300 0.00  0.00  0.00  0.00  0.00  0.00  0.00   0.00 0.00 0.00 0.00
80400 0.00  1.64  2.35  1.60  0.02  14.28  16.11   0.11 13.42 0.01 2.76
80500 0.00  0.00  0.00  0.00  0.00  0.00  0.00   0.00 0.00 0.00 0.00
80600 0.00  0.00  0.00  0.00  0.00  0.00  0.00   0.00 0.00 0.00 0.00
80700 0.00  1.72  2.25  1.68  0.02  14.22  16.11   0.08 13.40 0.01 3.79
80800 0.00  0.00  0.00  0.00  0.00  0.00  0.00   0.00 0.00 0.00 0.00
80900 0.00  0.00  0.00  0.00  0.00  0.00  0.00   0.00 0.00 0.00 0.00
81000 0.00  1.67  2.38  1.65  0.01  14.24  16.05   0.10 13.34 0.01 3.03
81100 0.00  0.00  0.00  0.00  0.00  0.00  0.00   0.00 0.00 0.00 0.00
81200 0.00  0.00  0.00  0.00  0.00  0.00  0.00   0.00 0.00 0.00 0.00
81300 0.00  1.59  2.27  1.57  0.01  14.39  16.17   0.08 15.97 0.01 3.82
81400 0.00  0.00  0.00  0.00  0.00  0.00  0.00   0.00 0.00 0.00 0.00
81500 0.00  0.00  0.00  0.00  0.00  0.00  0.00   0.00 0.00 0.00 0.00
81600 0.00  1.64  2.26  1.64  0.00  14.25  16.21   0.08 16.02 0.01 3.81
81700 0.00  0.00  0.00  0.00  0.00  0.00  0.00   0.00 0.00 0.00 0.00
81800 0.00  0.00  0.00  0.00  0.00  0.00  0.00   0.00 0.00 0.00 0.00
81900 0.00  1.62  2.26  1.62  0.00  14.26  16.24   0.07 16.06 0.01 4.36
82000 0.00  0.00  0.00  0.00  0.00  0.00  0.00   0.00 0.00 0.00 0.00
82100 0.00  0.00  0.00  0.00  0.00  0.00  0.00   0.00 0.00 0.00 0.00
82200 0.00  1.62  2.13  1.62  0.00  14.35  16.28   0.08 13.52 0.03 3.83
82300 0.00  0.00  0.00  0.00  0.00  0.00  0.00   0.00 0.00 0.00 0.00
82400 0.00  0.00  0.00  0.00  0.00  0.00  0.00   0.00 0.00 0.00 0.00
82500 0.00  1.65  2.11  1.61  0.02  14.40  16.21   0.07 13.50 0.03 4.37
82600 0.00  0.00  0.00  0.00  0.00  0.00  0.00   0.00 0.00 0.00 0.00
82700 0.00  0.00  0.00  0.00  0.00  0.00  0.00   0.00 0.00 0.00 0.00
82800 0.00  1.65  2.03  1.63  0.01  14.37  16.31   0.09 13.49 0.01 3.41
82900 0.00  0.00  0.00  0.00  0.00  0.00  0.00   0.00 0.00 0.00 0.00
83000 0.00  0.00  0.00  0.00  0.00  0.00  0.00   0.00 0.00 0.00 0.00
83100 0.00  1.56  2.17  1.54  0.01  14.31  16.41   0.08 13.60 0.01 3.84
83200 0.00  0.00  0.00  0.00  0.00  0.00  0.00   0.00 0.00 0.00 0.00
83300 0.00  0.00  0.00  0.00  0.00  0.00  0.00   0.00 0.00 0.00 0.00
83400 0.00  1.54  2.26  1.54  0.00  14.25  16.41   0.09 13.56 0.01 3.41
83500 0.00  0.00  0.00  0.00  0.00  0.00  0.00   0.00 0.00 0.00 0.00
83600 0.00  0.00  0.00  0.00  0.00  0.00  0.00   0.00 0.00 0.00 0.00
83700 0.00  1.63  2.12  1.63  0.00  14.18  16.44   0.09 13.65 0.01 3.40
83800 0.00  0.00  0.00  0.00  0.00  0.00  0.00   0.00 0.00 0.00 0.00
83900 0.00  0.00  0.00  0.00  0.00  0.00  0.00   0.00 0.00 0.00 0.00
84000 0.00  1.57  2.17  1.57  0.00  14.19  16.50   0.08 13.68 0.01 3.84
84100 0.00  0.00  0.00  0.00  0.00  0.00  0.00   0.00 0.00 0.00 0.00
84200 0.00  0.00  0.00  0.00  0.00  0.00  0.00   0.00 0.00 0.00 0.00
84300 0.00  1.67  2.02  1.67  0.00  14.27  16.37   0.09 13.61 0.01 3.40
84400 0.00  0.00  0.00  0.00  0.00  0.00  0.00   0.00 0.00 0.00 0.00
84500 0.00  0.00  0.00  0.00  0.00  0.00  0.00   0.00 0.00 0.00 0.00
84600 0.00  1.57  2.17  1.55  0.01  14.28  16.42   0.09 13.68 0.01 3.41
84700 0.00  0.00  0.00  0.00  0.00  0.00  0.00   0.00 0.00 0.00 0.00
84800 0.00  0.00  0.00  0.00  0.00  0.00  0.00   0.00 0.00 0.00 0.00
84900 0.00  1.58  2.17  1.58  0.00  14.28  16.39   0.07 13.63 0.02 4.38
85000 0.00  0.00  0.00  0.00  0.00  0.00  0.00   0.00 0.00 0.00 0.00
85100 0.00  0.00  0.00  0.00  0.00  0.00  0.00   0.00 0.00 0.00 0.00
85200 0.01  1.59  2.26  1.59  0.01  14.20  16.34   0.12 13.59 0.01 2.54
85300 0.00  0.00  0.00  0.00  0.00  0.00  0.00   0.00 0.00 0.00 0.00
85400 0.00  0.00  0.00  0.00  0.00  0.00  0.00   0.00 0.00 0.00 0.00
85500 0.01  1.49  2.33  1.49  0.01  14.33  16.34   0.12 13.55 0.01 2.56
85600 0.00  0.00  0.00  0.00  0.00  0.00  0.00   0.00 0.00 0.00 0.00
85700 0.00  0.00  0.00  0.00  0.00  0.00  0.00   0.00 0.00 0.00 0.00
85800 0.00  1.60  2.14  1.56  0.02  14.19  16.49   0.09 13.70 0.01 3.41
85900 0.00  0.00  0.00  0.00  0.00  0.00  0.00   0.00 0.00 0.00 0.00
86000 0.00  0.00  0.00  0.00  0.00  0.00  0.00   0.00 0.00 0.00 0.00
86100 0.00  1.49  2.13  1.41  0.04  14.41  16.52   0.06 16.40 0.01 5.16
86200 0.00  0.00  0.00  0.00  0.00  0.00  0.00   0.00 0.00 0.00 0.00
86300 0.00  0.00  0.00  0.00  0.00  0.00  0.00   0.00 0.00 0.00 0.00
86400 0.00  1.50  2.11  1.50  0.00  14.36  16.53   0.06 16.43 0.01 5.15
86500 0.00  0.00  0.00  0.00  0.00  0.00  0.00   0.00 0.00 0.00 0.00
86600 0.00  0.00  0.00  0.00  0.00  0.00  0.00   0.00 0.00 0.00 0.00
86700 0.00  1.49  2.19  1.49  0.00  14.36  16.47   0.07 13.66 0.01 4.40
86800 0.00  0.00  0.00  0.00  0.00  0.00  0.00   0.00 0.00 0.00 0.00
86900 0.00  0.00  0.00  0.00  0.00  0.00  0.00   0.00 0.00 0.00 0.00
87000 0.00  1.54  2.11  1.52  0.01  14.31  16.51   0.07 14.30 0.01 4.40
87100 0.00  0.00  0.00  0.00  0.00  0.00  0.00   0.00 0.00 0.00 0.00
87200 0.00  0.00  0.00  0.00  0.00  0.00  0.00   0.00 0.00 0.00 0.00
87300 0.00  1.55  2.22  1.53  0.01  14.19  16.50   0.06 13.70 0.03 5.12
87400 0.00  0.00  0.00  0.00  0.00  0.00  0.00   0.00 0.00 0.00 0.00
87500 0.00  0.00  0.00  0.00  0.00  0.00  0.00   0.00 0.00 0.00 0.00
87600 0.00  1.51  2.13  1.49  0.01  14.31  16.55   0.09 13.78 0.01 3.43
87700 0.00  0.00  0.00  0.00  0.00  0.00  0.00   0.00 0.00 0.00 0.00
87800 0.00  0.00  0.00  0.00  0.00  0.00  0.00   0.00 0.00 0.00 0.00
87900 0.00  1.54  2.16  1.50  0.02  14.24  16.54   0.09 13.68 0.01 3.42
88000 0.00  0.00  0.00  0.00  0.00  0.00  0.00   0.00 0.00 0.00 0.00
88100 0.00  0.00  0.00  0.00  0.00  0.00  0.00   0.00 0.00 0.00 0.00
88200 0.00  1.57  1.97  1.55  0.01  14.28  16.62   0.08 13.80 0.01 3.86
88300 0.00  0.00  0.00  0.00  0.00  0.00  0.00   0.00 0.00 0.00 0.00
88400 0.00  0.00  0.00  0.00  0.00  0.00  0.00   0.00 0.00 0.00 0.00
88500 0.00  1.44  2.18  1.42  0.01  14.34  16.61   0.09 13.77 0.01 3.44
88600 0.00  0.00  0.00  0.00  0.00  0.00  0.00   0.00 0.00 0.00 0.00
88700 0.00  0.00  0.00  0.00  0.00  0.00  0.00   0.00 0.00 0.00 0.00
88800 0.00  1.46  2.05  1.42  0.02  14.32  16.73   0.08 13.96 0.01 3.88
88900 0.00  0.00  0.00  0.00  0.00  0.00  0.00   0.00 0.00 0.00 0.00
89000 0.00  0.00  0.00  0.00  0.00  0.00  0.00   0.00 0.00 0.00 0.00
89100 0.00  1.46  2.10  1.44  0.01  14.37  16.62   0.10 13.82 0.01 3.10
89200 0.00  0.00  0.00  0.00  0.00  0.00  0.00   0.00 0.00 0.00 0.00
89300 0.00  0.00  0.00  0.00  0.00  0.00  0.00   0.00 0.00 0.00 0.00
89400 0.00  1.57  2.00  1.55  0.01  14.35  16.52   0.09 13.73 0.01 3.43
89500 0.00  0.00  0.00  0.00  0.00  0.00  0.00   0.00 0.00 0.00 0.00
89600 0.00  0.00  0.00  0.00  0.00  0.00  0.00   0.00 0.00 0.00 0.00
89700 0.00  1.48  2.05  1.46  0.01  14.33  16.67   0.08 13.83 0.01 3.88
89800 0.00  0.00  0.00  0.00  0.00  0.00  0.00   0.00 0.00 0.00 0.00
89900 0.00  0.00  0.00  0.00  0.00  0.00  0.00   0.00 0.00 0.00 0.00
90000 0.00  1.43  2.03  1.41  0.01  14.38  16.74   0.09 16.67 0.01 3.46
90100 0.00  0.00  0.00  0.00  0.00  0.00  0.00   0.00 0.00 0.00 0.00
90200 0.00  0.00  0.00  0.00  0.00  0.00  0.00   0.00 0.00 0.00 0.00
90300 0.00  1.40  2.14  1.38  0.01  14.45  16.62   0.06 16.56 0.01 5.18
90400 0.00  0.00  0.00  0.00  0.00  0.00  0.00   0.00 0.00 0.00 0.00
90500 0.00  0.00  0.00  0.00  0.00  0.00  0.00   0.00 0.00 0.00 0.00
90600 0.00  1.47  1.98  1.43  0.02  14.34  16.76   0.05 16.72 0.01 6.22
90700 0.00  0.00  0.00  0.00  0.00  0.00  0.00   0.00 0.00 0.00 0.00
90800 0.00  0.00  0.00  0.00  0.00  0.00  0.00   0.00 0.00 0.00 0.00
90900 0.01  1.39  1.94  1.37  0.02  14.45  16.82   0.05 16.78 0.01 6.25
91000 0.00  0.00  0.00  0.00  0.00  0.00  0.00   0.00 0.00 0.00 0.00
91100 0.00  0.00  0.00  0.00  0.00  0.00  0.00   0.00 0.00 0.00 0.00
91200 0.00  1.42  2.00  1.42  0.00  14.36  16.80   0.05 16.76 0.01 6.23
91300 0.00  0.00  0.00  0.00  0.00  0.00  0.00   0.00 0.00 0.00 0.00
91400 0.00  0.00  0.00  0.00  0.00  0.00  0.00   0.00 0.00 0.00 0.00
91500 0.00  1.38  2.02  1.36  0.01  14.44  16.79   0.05 16.75 0.01 6.25
91600 0.00  0.00  0.00  0.00  0.00  0.00  0.00   0.00 0.00 0.00 0.00
91700 0.00  0.00  0.00  0.00  0.00  0.00  0.00   0.00 0.00 0.00 0.00
91800 0.00  1.35  1.96  1.35  0.00  14.50  16.84   0.07 16.80 0.01 4.48
91900 0.00  0.00  0.00  0.00  0.00  0.00  0.00   0.00 0.00 0.00 0.00
92000 0.00  0.00  0.00  0.00  0.00  0.00  0.00   0.00 0.00 0.00 0.00
92100 0.00  1.33  2.02  1.33  0.00  14.53  16.79   0.05 16.63 0.04 6.26
92200 0.00  0.00  0.00  0.00  0.00  0.00  0.00   0.00 0.00 0.00 0.00
92300 0.00  0.00  0.00  0.00  0.00  0.00  0.00   0.00 0.00 0.00 0.00
92400 0.00  1.30  2.03  1.30  0.00  14.52  16.85   0.05 16.83 0.01 6.27
92500 0.00  0.00  0.00  0.00  0.00  0.00  0.00   0.00 0.00 0.00 0.00
92600 0.00  0.00  0.00  0.00  0.00  0.00  0.00   0.00 0.00 0.00 0.00
92700 0.00  1.22  2.04  1.22  0.00  14.64  16.88   0.06 16.85 0.01 5.25
92800 0.00  0.00  0.00  0.00  0.00  0.00  0.00   0.00 0.00 0.00 0.00
92900 0.00  0.00  0.00  0.00  0.00  0.00  0.00   0.00 0.00 0.00 0.00
93000 0.00  1.31  2.00  1.31  0.00  14.72  16.66   0.04 16.63 0.01 7.84
93100 0.00  0.00  0.00  0.00  0.00  0.00  0.00   0.00 0.00 0.00 0.00
93200 0.00  0.00  0.00  0.00  0.00  0.00  0.00   0.00 0.00 0.00 0.00
93300 0.00  1.45  1.88  1.39  0.03  14.63  16.62   0.04 16.59 0.03 7.81
93400 0.00  0.00  0.00  0.00  0.00  0.00  0.00   0.00 0.00 0.00 0.00
93500 0.00  0.00  0.00  0.00  0.00  0.00  0.00   0.00 0.00 0.00 0.00
93600 0.00  1.46  1.81  1.44  0.01  14.60  16.68   0.04 16.65 0.01 7.82
93700 0.00  0.00  0.00  0.00  0.00  0.00  0.00   0.00 0.00 0.00 0.00
93800 0.00  0.00  0.00  0.00  0.00  0.00  0.00   0.00 0.00 0.00 0.00
93900 0.00  1.43  1.89  1.41  0.01  14.55  16.71   0.06 16.67 0.01 5.21
94000 0.00  0.00  0.00  0.00  0.00  0.00  0.00   0.00 0.00 0.00 0.00
94100 0.00  0.00  0.00  0.00  0.00  0.00  0.00   0.00 0.00 0.00 0.00
94200 0.00  1.34  1.99  1.32  0.01  14.56  16.78   0.04 16.75 0.03 7.83
94300 0.00  0.00  0.00  0.00  0.00  0.00  0.00   0.00 0.00 0.00 0.00
94400 0.00  0.00  0.00  0.00  0.00  0.00  0.00   0.00 0.00 0.00 0.00
94500 0.00  1.34  1.99  1.32  0.01  14.58  16.76   0.04 16.73 0.03 7.83
94600 0.00  0.00  0.00  0.00  0.00  0.00  0.00   0.00 0.00 0.00 0.00
94700 0.00  0.00  0.00  0.00  0.00  0.00  0.00   0.00 0.00 0.00 0.00
94800 0.00  1.47  1.75  1.47  0.00  14.62  16.69   0.07 16.66 0.01 4.47
94900 0.00  0.00  0.00  0.00  0.00  0.00  0.00   0.00 0.00 0.00 0.00
95000 0.00  0.00  0.00  0.00  0.00  0.00  0.00   0.00 0.00 0.00 0.00
95100 0.00  1.39  1.90  1.39  0.00  14.54  16.78   0.06 16.72 0.01 5.22
95200 0.00  0.00  0.00  0.00  0.00  0.00  0.00   0.00 0.00 0.00 0.00
95300 0.00  0.00  0.00  0.00  0.00  0.00  0.00   0.00 0.00 0.00 0.00
95400 0.00  1.31  1.90  1.31  0.00  14.80  16.68   0.07 16.65 0.01 4.50
95500 0.00  0.00  0.00  0.00  0.00  0.00  0.00   0.00 0.00 0.00 0.00
95600 0.00  0.00  0.00  0.00  0.00  0.00  0.00   0.00 0.00 0.00 0.00
95700 0.00  1.45  1.78  1.41  0.02  14.65  16.69   0.08 16.66 0.01 3.92
95800 0.00  0.00  0.00  0.00  0.00  0.00  0.00   0.00 0.00 0.00 0.00
95900 0.00  0.00  0.00  0.00  0.00  0.00  0.00   0.00 0.00 0.00 0.00
96000 0.00  1.38  1.84  1.38  0.00  14.75  16.65   0.08 15.94 0.01 3.92
96100 0.00  0.00  0.00  0.00  0.00  0.00  0.00   0.00 0.00 0.00 0.00
96200 0.00  0.00  0.00  0.00  0.00  0.00  0.00   0.00 0.00 0.00 0.00
96300 0.00  1.36  1.84  1.36  0.00  14.77  16.67   0.07 16.65 0.01 4.49
96400 0.00  0.00  0.00  0.00  0.00  0.00  0.00   0.00 0.00 0.00 0.00
96500 0.00  0.00  0.00  0.00  0.00  0.00  0.00   0.00 0.00 0.00 0.00
96600 0.00  1.38  1.82  1.38  0.00  14.63  16.79   0.07 16.77 0.01 4.49
96700 0.00  0.00  0.00  0.00  0.00  0.00  0.00   0.00 0.00 0.00 0.00
96800 0.00  0.00  0.00  0.00  0.00  0.00  0.00   0.00 0.00 0.00 0.00
96900 0.00  1.40  1.83  1.40  0.00  14.58  16.79   0.05 16.76 0.01 6.27
97000 0.00  0.00  0.00  0.00  0.00  0.00  0.00   0.00 0.00 0.00 0.00
97100 0.00  0.00  0.00  0.00  0.00  0.00  0.00   0.00 0.00 0.00 0.00
97200 0.00  1.32  1.92  1.32  0.00  14.49  16.95   0.04 16.92 0.03 7.86
97300 0.00  0.00  0.00  0.00  0.00  0.00  0.00   0.00 0.00 0.00 0.00
97400 0.00  0.00  0.00  0.00  0.00  0.00  0.00   0.00 0.00 0.00 0.00
97500 0.00  1.37  1.78  1.37  0.00  14.59  16.89   0.05 16.87 0.01 6.30
97600 0.00  0.00  0.00  0.00  0.00  0.00  0.00   0.00 0.00 0.00 0.00
97700 0.00  0.00  0.00  0.00  0.00  0.00  0.00   0.00 0.00 0.00 0.00
97800 0.00  1.28  1.97  1.26  0.01  14.60  16.88   0.06 16.87 0.01 5.25
97900 0.00  0.00  0.00  0.00  0.00  0.00  0.00   0.00 0.00 0.00 0.00
98000 0.00  0.00  0.00  0.00  0.00  0.00  0.00   0.00 0.00 0.00 0.00
98100 0.00  1.33  1.87  1.33  0.00  14.43  17.04   0.05 17.02 0.01 6.29
98200 0.00  0.00  0.00  0.00  0.00  0.00  0.00   0.00 0.00 0.00 0.00
98300 0.00  0.00  0.00  0.00  0.00  0.00  0.00   0.00 0.00 0.00 0.00
98400 0.00  1.38  1.81  1.38  0.00  14.61  16.82   0.05 16.81 0.01 6.29
98500 0.00  0.00  0.00  0.00  0.00  0.00  0.00   0.00 0.00 0.00 0.00
98600 0.00  0.00  0.00  0.00  0.00  0.00  0.00   0.00 0.00 0.00 0.00
98700 0.00  1.40  1.86  1.36  0.02  14.54  16.82   0.04 16.81 0.01 7.84
98800 0.00  0.00  0.00  0.00  0.00  0.00  0.00   0.00 0.00 0.00 0.00
98900 0.00  0.00  0.00  0.00  0.00  0.00  0.00   0.00 0.00 0.00 0.00
99000 0.00  1.39  1.73  1.39  0.00  14.63  16.86   0.04 16.85 0.01 7.87
99100 0.00  0.00  0.00  0.00  0.00  0.00  0.00   0.00 0.00 0.00 0.00
99200 0.00  0.00  0.00  0.00  0.00  0.00  0.00   0.00 0.00 0.00 0.00
99300 0.00  1.33  1.77  1.31  0.01  14.64  16.94   0.05 16.94 0.01 6.32
99400 0.00  0.00  0.00  0.00  0.00  0.00  0.00   0.00 0.00 0.00 0.00
99500 0.00  0.00  0.00  0.00  0.00  0.00  0.00   0.00 0.00 0.00 0.00
99600 0.01  1.23  1.89  1.23  0.01  14.63  17.00   0.04 17.00 0.03 7.91
99700 0.00  0.00  0.00  0.00  0.00  0.00  0.00   0.00 0.00 0.00 0.00
99800 0.00  0.00  0.00  0.00  0.00  0.00  0.00   0.00 0.00 0.00 0.00
99900 0.00  1.27  1.80  1.27  0.00  14.62  17.04   0.03 17.04 6.85 10.55
Nr.Partic 7200, System size: 120.00,
Program ran: 466.00 seconds, 7.77 minutes.
