10352517
14767286
5491132
10099174
7482164
16063300
10853751
10110503
984145
3967093
9608337
7098082
14922296
14655034
7549017
14164768
8459580
6284684
9393327
16436919
10009833
11964046
16002868
10755635
10599690
10192702
14864364
13520587
5413314
1000998
12814409
3246966
12060363
6707202
13802062
16474228
3791654
3570538
15503817
12490027
16735333
1161209
6916728
6145374
12938545
16606768
4968029
4273725
11127432
6172978
9707662
4740563
10385849
6996023
16170713
10318571
4188222
9293462
13083022
9079918
6117087
3040666
6457522
13442366
707540
3989249
8685962
1196662
11362118
2061393
10900371
4406489
2299849
400344
12991186
3415848
2233008
14162140
8551971
11203062
6553916
5137597
3431215
1358619
9257388
2300958
13241056
5136804
3580902
11211178
15664920
12261665
5099291
16173009
10189751
1466350
14977035
3321177
15234896
8330474
