0 0.000000
300 0.000000
600 0.000000
900 0.000000
1200 0.000000
1500 0.000000
1800 0.000000
2100 0.000000
2400 0.000000
2700 0.000000
3000 0.000000
3300 0.000000
3600 0.000000
3900 0.000000
4200 0.000000
4500 0.000000
4800 0.000000
5100 0.000000
5400 0.000000
5700 0.000000
6000 0.000000
6300 0.000000
6600 0.000000
6900 0.000000
7200 0.000000
7500 0.000000
7800 0.000000
8100 0.000000
8400 0.000000
8700 0.000000
9000 0.000000
9300 0.000000
9600 0.000000
9900 0.000000
10200 0.000000
10500 0.000000
10800 0.000000
11100 0.000000
11400 0.000000
11700 0.000000
12000 0.000000
12300 0.000000
12600 0.000000
12900 0.000000
13200 0.000000
13500 0.000000
13800 0.000000
14100 0.000000
14400 0.000000
14700 0.000000
15000 0.000000
15300 0.000000
15600 0.000000
15900 0.000000
16200 0.000000
16500 0.000000
16800 0.000000
17100 0.000000
17400 0.000000
17700 0.000000
18000 0.000000
18300 0.000000
18600 0.000000
18900 0.000000
19200 0.000000
19500 0.000000
19800 0.000000
20100 0.000000
20400 0.000000
20700 0.000000
21000 0.000000
21300 0.000000
21600 0.000000
21900 0.000000
22200 0.000000
22500 0.000000
22800 0.000000
23100 0.000000
23400 0.000000
23700 0.000000
24000 0.000000
24300 0.000000
24600 0.000000
24900 0.000000
25200 0.000000
25500 0.000000
25800 0.000000
26100 0.000000
26400 0.000000
26700 0.000000
27000 0.000000
27300 0.000000
27600 0.000000
27900 0.000000
28200 0.000000
28500 0.000000
28800 0.000000
29100 0.000000
29400 0.000000
29700 0.000000
30000 0.000000
30300 0.000000
30600 0.000000
30900 0.000000
31200 0.000000
31500 0.000000
31800 0.000000
32100 0.000000
32400 0.000000
32700 0.000000
33000 0.000000
33300 0.000000
33600 0.000000
33900 0.000000
34200 0.000000
34500 0.000000
34800 0.000000
35100 0.000000
35400 0.000000
35700 0.000000
36000 0.000000
36300 0.000000
36600 0.000000
36900 0.000000
37200 0.000000
37500 0.000000
37800 0.000000
38100 0.000000
38400 0.000000
38700 0.000000
39000 0.000000
39300 0.000000
39600 0.000000
39900 0.000000
40200 0.000000
40500 0.000000
40800 0.000000
41100 0.000000
41400 0.000000
41700 0.000000
42000 0.000000
42300 0.000000
42600 0.000000
42900 0.000000
43200 0.000000
43500 0.000000
43800 0.000000
44100 0.000000
44400 0.000000
44700 0.000000
45000 0.000000
45300 0.000000
45600 0.000000
45900 0.000000
46200 0.000000
46500 0.000000
46800 0.000000
47100 0.000000
47400 0.000000
47700 0.000000
48000 0.000000
48300 0.000000
48600 0.000000
48900 0.000000
49200 0.000000
49500 0.000000
49800 0.000000
50100 0.000000
50400 0.000000
50700 0.000000
51000 0.000000
51300 0.000000
51600 0.000000
51900 0.000000
52200 0.000000
52500 0.000000
52800 0.000000
53100 0.000000
53400 0.000000
53700 0.000000
54000 0.000000
54300 0.000000
54600 0.000000
54900 0.000000
55200 0.000000
55500 0.000000
55800 0.000000
56100 0.000000
56400 0.000000
56700 0.000000
57000 0.000000
57300 0.000000
57600 0.000000
57900 0.000000
58200 0.000000
58500 0.000000
58800 0.000000
59100 0.000000
59400 0.000000
59700 0.000000
60000 0.000000
60300 0.000000
60600 0.000000
60900 0.000000
61200 0.000000
61500 0.000000
61800 0.000000
62100 0.000000
62400 0.000000
62700 0.000000
63000 0.000000
63300 0.000000
63600 0.000000
63900 0.000000
64200 0.000000
64500 0.000000
64800 0.000000
65100 0.000000
65400 0.000000
65700 0.000000
66000 0.000000
66300 0.000000
66600 0.000000
66900 0.000000
67200 0.000000
67500 0.000000
67800 0.000000
68100 0.000000
68400 0.000000
68700 0.000000
69000 0.000000
69300 0.000000
69600 0.000000
69900 0.000000
70200 0.000000
70500 0.000000
70800 0.000000
71100 0.000000
71400 0.000000
71700 0.000000
72000 0.000000
72300 0.000000
72600 0.000000
72900 0.000000
73200 0.000000
73500 0.000000
73800 0.000000
74100 0.000000
74400 0.000000
74700 0.000000
75000 0.000000
75300 0.000000
75600 0.000000
75900 0.000000
76200 0.000000
76500 0.000000
76800 0.000000
77100 0.000000
77400 0.000000
77700 0.000000
78000 0.000000
78300 0.000000
78600 0.000000
78900 0.000000
79200 0.000000
79500 0.000000
79800 0.000000
80100 0.000000
80400 0.000000
80700 0.000000
81000 0.000000
81300 0.000000
81600 0.000000
81900 0.000000
82200 0.000000
82500 0.000000
82800 0.000000
83100 0.000000
83400 0.000000
83700 0.000000
84000 0.000000
84300 0.000000
84600 0.000000
84900 0.000000
85200 0.000000
85500 0.000000
85800 0.000000
86100 0.000000
86400 0.000000
86700 0.000000
87000 0.000000
87300 0.000000
87600 0.000000
87900 0.000000
88200 0.000000
88500 0.000000
88800 0.000000
89100 0.000000
89400 0.000000
89700 0.000000
90000 0.000000
90300 0.000000
90600 0.000000
90900 0.000000
91200 0.000000
91500 0.000000
91800 0.000000
92100 0.000000
92400 0.000000
92700 0.000000
93000 0.000000
93300 0.000000
93600 0.000000
93900 0.000000
94200 0.000000
94500 0.000000
94800 0.000000
95100 0.000000
95400 0.000000
95700 0.000000
96000 0.000000
96300 0.000000
96600 0.000000
96900 0.000000
97200 0.000000
97500 0.000000
97800 0.000000
98100 0.000000
98400 0.000000
98700 0.000000
99000 0.000000
99300 0.000000
99600 0.000000
99900 0.000000
100200 0.000000
100500 0.000000
100800 0.000000
101100 0.000000
101400 0.000000
101700 0.000000
102000 0.000000
102300 0.000000
102600 0.000000
102900 0.000000
103200 0.000000
103500 0.000000
103800 0.000000
104100 0.000000
104400 0.000000
104700 0.000000
105000 0.000000
105300 0.000000
105600 0.000000
105900 0.000000
106200 0.000000
106500 0.000000
106800 0.000000
107100 0.000000
107400 0.000000
107700 0.000000
108000 0.000000
108300 0.000000
108600 0.000000
108900 0.000000
109200 0.000000
109500 0.000000
109800 0.000000
110100 0.000000
110400 0.000000
110700 0.000000
111000 0.000000
111300 0.000000
111600 0.000000
111900 0.000000
112200 0.000000
112500 0.000000
112800 0.000000
113100 0.000000
113400 0.000000
113700 0.000000
114000 0.000000
114300 0.000000
114600 0.000000
114900 0.000000
115200 0.000000
115500 0.000000
115800 0.000000
116100 0.000000
116400 0.000000
116700 0.000000
117000 0.000000
117300 0.000000
117600 0.000000
117900 0.000000
118200 0.000000
118500 0.000000
118800 0.000000
119100 0.000000
119400 0.000000
119700 0.000000
120000 0.000000
120300 0.000000
120600 0.000000
120900 0.000000
121200 0.000000
121500 0.000000
121800 0.000000
122100 0.000000
122400 0.000000
122700 0.000000
123000 0.000000
123300 0.000000
123600 0.000000
123900 0.000000
124200 0.000000
124500 0.000000
124800 0.000000
125100 0.000000
125400 0.000000
125700 0.000000
126000 0.000000
126300 0.000000
126600 0.000000
126900 0.000000
127200 0.000000
127500 0.000000
127800 0.000000
128100 0.000000
128400 0.000000
128700 0.000000
129000 0.000000
129300 0.000000
129600 0.000000
129900 0.000000
130200 0.000000
130500 0.000000
130800 0.000000
131100 0.000000
131400 0.000000
131700 0.000000
132000 0.000000
132300 0.000000
132600 0.000000
132900 0.000000
133200 0.000000
133500 0.000000
133800 0.000000
134100 0.000000
134400 0.000000
134700 0.000000
135000 0.000000
135300 0.000000
135600 0.000000
135900 0.000000
136200 0.000000
136500 0.000000
136800 0.000000
137100 0.000000
137400 0.000000
137700 0.000000
138000 0.000000
138300 0.000000
138600 0.000000
138900 0.000000
139200 0.000000
139500 0.000000
139800 0.000000
140100 0.000000
140400 0.000000
140700 0.000000
141000 0.000000
141300 0.000000
141600 0.000000
141900 0.000000
142200 0.000000
142500 0.000000
142800 0.000000
143100 0.000000
143400 0.000000
143700 0.000000
144000 0.000000
144300 0.000000
144600 0.000000
144900 0.000000
145200 0.000000
145500 0.000000
145800 0.000000
146100 0.000000
146400 0.000000
146700 0.000000
147000 0.000000
147300 0.000000
147600 0.000000
147900 0.000000
148200 0.000000
148500 0.000000
148800 0.000000
149100 0.000000
149400 0.000000
149700 0.000000
150000 0.000000
150300 0.000000
150600 0.000000
150900 0.000000
151200 0.000000
151500 0.000000
151800 0.000000
152100 0.000000
152400 0.000000
152700 0.000000
153000 0.000000
153300 0.000000
153600 0.000000
153900 0.000000
154200 0.000000
154500 0.000000
154800 0.000000
155100 0.000000
155400 0.000000
155700 0.000000
156000 0.000000
156300 0.000000
156600 0.000000
156900 0.000000
157200 0.000000
157500 0.000000
157800 0.000000
158100 0.000000
158400 0.000000
158700 0.000000
159000 0.000000
159300 0.000000
159600 0.000000
159900 0.000000
160200 0.000000
160500 0.000000
160800 0.000000
161100 0.000000
161400 0.000000
161700 0.000000
162000 0.000000
162300 0.000000
162600 0.000000
162900 0.000000
163200 0.000000
163500 0.000000
163800 0.000000
164100 0.000000
164400 0.000000
164700 0.000000
165000 0.000000
165300 0.000000
165600 0.000000
165900 0.000000
166200 0.000000
166500 0.000000
166800 0.000000
167100 0.000000
167400 0.000000
167700 0.000000
168000 0.000000
168300 0.000000
168600 0.000000
168900 0.000000
169200 0.000000
169500 0.000000
169800 0.000000
170100 0.000000
170400 0.000000
170700 0.000000
171000 0.000000
171300 0.000000
171600 0.000000
171900 0.000000
172200 0.000000
172500 0.000000
172800 0.000000
173100 0.000000
173400 0.000000
173700 0.000000
174000 0.000000
174300 0.000000
174600 0.000000
174900 0.000000
175200 0.000000
175500 0.000000
175800 0.000000
176100 0.000000
176400 0.000000
176700 0.000000
177000 0.000000
177300 0.000000
177600 0.000000
177900 0.000000
178200 0.000000
178500 0.000000
178800 0.000000
179100 0.000000
179400 0.000000
179700 0.000000
180000 0.000000
180300 0.000000
180600 0.000000
180900 0.000000
181200 0.000000
181500 0.000000
181800 0.000000
182100 0.000000
182400 0.000000
182700 0.000000
183000 0.000000
183300 0.000000
183600 0.000000
183900 0.000000
184200 0.000000
184500 0.000000
184800 0.000000
185100 0.000000
185400 0.000000
185700 0.000000
186000 0.000000
186300 0.000000
186600 0.000000
186900 0.000000
187200 0.000000
187500 0.000000
187800 0.000000
188100 0.000000
188400 0.000000
188700 0.000000
189000 0.000000
189300 0.000000
189600 0.000000
189900 0.000000
190200 0.000000
190500 0.000000
190800 0.000000
191100 0.000000
191400 0.000000
191700 0.000000
192000 0.000000
192300 0.000000
192600 0.000000
192900 0.000000
193200 0.000000
193500 0.000000
193800 0.000000
194100 0.000000
194400 0.000000
194700 0.000000
195000 0.000000
195300 0.000000
195600 0.000000
195900 0.000000
196200 0.000000
196500 0.000000
196800 0.000000
197100 0.000000
197400 0.000000
197700 0.000000
198000 0.000000
198300 0.000000
198600 0.000000
198900 0.000000
199200 0.000000
199500 0.000000
199800 0.000000
Nr.Partic 20000, System size: 200.00,
Program ran: 4876.00 seconds, 81.27 minutes.
