0 5.00  25.00  26.00  21.00  7.00  7.00  9.00   12.00 3 1 0.00
300 15.00  75.00  78.00  63.00  21.00  21.00  27.00   36.00 9 3 0.01
600 15.00  75.00  78.00  63.00  21.00  21.00  27.00   36.00 9 3 0.01
900 15.00  75.00  78.00  63.00  21.00  21.00  27.00   36.00 9 3 0.01
1200 15.00  75.00  78.00  63.00  21.00  21.00  27.00   36.00 9 3 0.01
1500 15.00  75.00  78.00  63.00  21.00  21.00  27.00   36.00 9 3 0.01
1800 15.00  76.00  78.00  62.00  22.00  20.00  27.00   35.00 9 3 0.01
2100 15.00  78.00  78.00  60.00  24.00  18.00  27.00   33.00 9 3 0.01
2400 15.00  78.00  78.00  60.00  24.00  18.00  27.00   33.00 9 3 0.01
2700 15.00  81.00  75.00  63.00  24.00  15.00  27.00   30.00 9 3 0.01
3000 16.00  78.00  77.00  66.00  22.00  14.00  27.00   29.00 9 3 0.01
3300 18.00  75.00  78.00  69.00  21.00  12.00  27.00   27.00 9 3 0.01
3600 18.00  75.00  78.00  69.00  21.00  12.00  27.00   27.00 9 3 0.01
3900 16.00  77.00  78.00  67.00  21.00  12.00  29.00   27.00 9 3 0.02
4200 16.00  75.00  78.00  69.00  19.00  14.00  29.00   29.00 9 3 0.01
4500 15.00  73.00  82.00  73.00  15.00  15.00  27.00   27.00 9 3 0.02
4800 17.00  70.00  80.00  78.00  13.00  15.00  27.00   27.00 9 3 0.02
5100 17.00  68.00  82.00  78.00  12.00  15.00  28.00   28.00 9 3 0.02
5400 14.00  69.00  86.00  73.00  12.00  15.00  31.00   30.00 10 3 0.02
5700 14.00  68.00  86.00  72.00  12.00  16.00  32.00   32.00 9 3 0.02
6000 13.00  70.00  86.00  76.00  10.00  9.00  36.00   30.00 9 3 0.01
6300 12.00  70.00  85.00  80.00  7.00  9.00  37.00   29.00 9 3 0.02
6600 11.00  71.00  84.00  81.00  6.00  11.00  36.00   30.00 9 3 0.02
6900 9.00  69.00  90.00  75.00  6.00  15.00  36.00   36.00 9 3 0.01
7200 9.00  57.00  106.00  71.00  2.00  20.00  35.00   38.00 9 3 0.01
7500 9.00  57.00  104.00  73.00  1.00  20.00  36.00   42.00 9 3 0.01
7800 9.00  60.00  99.00  74.00  2.00  20.00  36.00   41.00 9 3 0.01
8100 8.00  58.00  103.00  72.00  1.00  21.00  37.00   42.00 9 3 0.01
8400 2.00  67.00  104.00  67.00  2.00  25.00  33.00   46.00 9 3 0.01
8700 3.00  66.00  108.00  66.00  3.00  25.00  29.00   40.00 9 3 0.01
9000 2.00  69.00  104.00  67.00  3.00  26.00  29.00   43.00 9 3 0.01
9300 3.00  71.00  99.00  67.00  5.00  24.00  31.00   41.00 9 3 0.01
9600 3.00  68.00  99.00  70.00  2.00  28.00  30.00   40.00 10 3 0.01
9900 3.00  63.00  101.00  63.00  3.00  33.00  34.00   40.00 18 3 0.02
10200 3.00  61.00  100.00  61.00  3.00  34.00  38.00   39.00 21 3 0.02
10500 3.00  59.00  105.00  59.00  3.00  35.00  36.00   37.00 22 3 0.02
10800 4.00  59.00  104.00  59.00  4.00  31.00  39.00   46.00 16 3 0.02
11100 6.00  55.00  104.00  59.00  4.00  32.00  40.00   46.00 13 3 0.02
11400 6.00  59.00  101.00  61.00  5.00  27.00  41.00   46.00 13 3 0.01
11700 6.00  59.00  101.00  63.00  4.00  27.00  40.00   44.00 11 3 0.02
12000 6.00  56.00  93.00  66.00  1.00  35.00  43.00   45.00 12 3 0.02
12300 3.00  65.00  87.00  67.00  2.00  39.00  37.00   43.00 12 3 0.02
12600 3.00  64.00  89.00  66.00  2.00  39.00  37.00   43.00 12 3 0.02
12900 3.00  62.00  90.00  66.00  1.00  42.00  36.00   38.00 16 3 0.02
13200 3.00  59.00  86.00  65.00  0.00  42.00  45.00   38.00 24 3 0.02
13500 3.00  60.00  84.00  62.00  2.00  48.00  41.00   40.00 19 3 0.02
13800 3.00  55.00  89.00  61.00  0.00  49.00  43.00   39.00 18 3 0.02
14100 3.00  57.00  84.00  63.00  0.00  44.00  49.00   34.00 18 3 0.03
14400 2.00  57.00  83.00  61.00  0.00  50.00  47.00   33.00 18 3 0.03
14700 0.00  63.00  79.00  63.00  0.00  47.00  48.00   31.00 18 3 0.03
15000 0.00  63.00  79.00  63.00  0.00  52.00  43.00   31.00 19 3 0.03
15300 1.00  55.00  84.00  57.00  0.00  58.00  45.00   28.00 25 3 0.04
15600 3.00  50.00  88.00  56.00  0.00  56.00  47.00   26.00 38 3 0.04
15900 1.00  48.00  96.00  50.00  0.00  58.00  47.00   25.00 38 3 0.04
16200 2.00  42.00  96.00  46.00  0.00  66.00  48.00   24.00 45 3 0.05
16500 3.00  45.00  85.00  51.00  0.00  70.00  46.00   21.00 53 3 0.06
16800 3.00  46.00  81.00  52.00  0.00  72.00  46.00   21.00 53 3 0.06
17100 3.00  51.00  77.00  57.00  0.00  66.00  46.00   24.00 36 3 0.05
17400 3.00  48.00  81.00  50.00  2.00  71.00  45.00   24.00 48 3 0.05
17700 3.00  45.00  84.00  45.00  3.00  71.00  49.00   30.00 42 3 0.04
18000 3.00  39.00  95.00  41.00  2.00  73.00  47.00   25.00 52 3 0.05
18300 3.00  42.00  87.00  42.00  3.00  72.00  51.00   24.00 54 3 0.05
18600 1.00  49.00  84.00  49.00  1.00  63.00  53.00   27.00 31 3 0.04
18900 0.00  47.00  80.00  47.00  0.00  63.00  63.00   31.00 31 3 0.04
19200 0.00  46.00  78.00  46.00  0.00  60.00  70.00   33.00 33 3 0.04
19500 0.00  53.00  66.00  51.00  1.00  57.00  72.00   32.00 27 3 0.04
19800 0.00  47.00  69.00  47.00  0.00  59.00  78.00   31.00 29 3 0.04
20100 0.00  45.00  70.00  45.00  0.00  58.00  82.00   33.00 34 3 0.04
20400 0.00  44.00  77.00  44.00  0.00  55.00  80.00   35.00 27 3 0.04
20700 0.00  39.00  83.00  33.00  3.00  55.00  87.00   36.00 27 3 0.04
21000 0.00  40.00  80.00  34.00  3.00  58.00  85.00   36.00 36 3 0.04
21300 0.00  38.00  81.00  38.00  0.00  61.00  82.00   28.00 39 3 0.05
21600 0.00  39.00  79.00  39.00  0.00  60.00  83.00   28.00 42 3 0.05
21900 0.00  42.00  75.00  42.00  0.00  57.00  84.00   33.00 42 3 0.04
22200 0.00  44.00  72.00  44.00  0.00  55.00  85.00   39.00 40 3 0.04
22500 0.00  39.00  80.00  39.00  0.00  58.00  84.00   23.00 82 3 0.06
22800 0.00  37.00  84.00  37.00  0.00  56.00  86.00   26.00 80 3 0.06
23100 0.00  43.00  72.00  43.00  0.00  56.00  86.00   24.00 79 3 0.06
23400 0.00  46.00  65.00  44.00  1.00  55.00  89.00   24.00 83 3 0.06
23700 0.00  47.00  64.00  41.00  3.00  58.00  87.00   26.00 87 3 0.06
24000 0.00  44.00  63.00  38.00  3.00  63.00  89.00   26.00 87 3 0.06
24300 0.00  44.00  64.00  36.00  4.00  63.00  89.00   22.00 86 3 0.07
24600 0.00  39.00  74.00  33.00  3.00  66.00  85.00   13.00 84 9 0.12
24900 0.00  45.00  66.00  39.00  3.00  62.00  85.00   20.00 82 3 0.07
25200 0.00  36.00  75.00  30.00  3.00  67.00  89.00   19.00 86 3 0.08
25500 0.00  37.00  75.00  31.00  3.00  63.00  91.00   17.00 89 4 0.09
25800 0.00  37.00  71.00  31.00  3.00  63.00  95.00   15.00 95 6 0.11
26100 0.00  37.00  74.00  31.00  3.00  62.00  93.00   16.00 93 5 0.10
26400 0.00  35.00  75.00  27.00  4.00  65.00  94.00   19.00 93 3 0.08
26700 0.00  36.00  76.00  28.00  4.00  68.00  88.00   23.00 83 3 0.07
27000 0.00  37.00  72.00  33.00  2.00  68.00  88.00   23.00 77 3 0.07
27300 2.00  33.00  72.00  31.00  3.00  68.00  91.00   32.00 71 3 0.05
27600 0.00  38.00  66.00  38.00  0.00  69.00  89.00   35.00 63 3 0.05
27900 0.00  38.00  68.00  38.00  0.00  70.00  86.00   34.00 63 3 0.05
28200 0.00  35.00  69.00  35.00  0.00  72.00  89.00   28.00 76 3 0.06
28500 0.00  33.00  68.00  33.00  0.00  71.00  95.00   25.00 88 3 0.07
28800 0.00  33.00  65.00  33.00  0.00  74.00  95.00   23.00 91 3 0.07
29100 0.00  35.00  63.00  35.00  0.00  74.00  93.00   24.00 88 3 0.07
29400 0.00  29.00  72.00  25.00  2.00  73.00  99.00   21.00 96 3 0.08
29700 0.00  31.00  65.00  31.00  0.00  74.00  99.00   20.00 96 3 0.09
30000 0.00  28.00  73.00  28.00  0.00  76.00  95.00   21.00 82 3 0.08
30300 0.00  31.00  69.00  31.00  0.00  74.00  95.00   22.00 83 3 0.08
30600 0.00  33.00  64.00  33.00  0.00  76.00  94.00   21.00 82 3 0.08
30900 0.00  34.00  66.00  34.00  0.00  69.00  97.00   17.00 91 5 0.10
31200 0.00  38.00  56.00  38.00  0.00  68.00  100.00   14.00 97 3 0.12
31500 0.00  45.00  51.00  43.00  1.00  70.00  90.00   15.00 81 5 0.11
31800 0.00  48.00  46.00  46.00  1.00  71.00  88.00   17.00 79 3 0.09
32100 0.00  42.00  49.00  42.00  0.00  70.00  97.00   16.00 91 3 0.11
32400 0.00  40.00  51.00  40.00  0.00  70.00  99.00   17.00 90 3 0.10
32700 0.00  30.00  60.00  30.00  0.00  86.00  94.00   18.00 86 3 0.11
33000 0.00  34.00  53.00  34.00  0.00  83.00  96.00   14.00 92 3 0.13
33300 0.00  37.00  52.00  37.00  0.00  81.00  93.00   13.00 89 3 0.14
33600 0.00  35.00  53.00  35.00  0.00  81.00  96.00   9.00 92 6 0.20
33900 0.00  37.00  50.00  37.00  0.00  80.00  96.00   9.00 92 6 0.20
34200 0.00  34.00  52.00  34.00  0.00  80.00  100.00   9.00 100 3 0.20
34500 0.00  38.00  45.00  38.00  0.00  81.00  98.00   12.00 98 3 0.15
34800 0.00  41.00  39.00  41.00  0.00  81.00  98.00   13.00 97 3 0.14
35100 0.00  32.00  48.00  32.00  0.00  81.00  107.00   15.00 107 3 0.13
35400 0.00  38.00  45.00  38.00  0.00  81.00  98.00   15.00 86 3 0.12
35700 0.00  39.00  47.00  39.00  0.00  81.00  94.00   15.00 83 3 0.12
36000 0.00  45.00  45.00  43.00  1.00  75.00  91.00   18.00 77 3 0.09
36300 0.00  35.00  48.00  35.00  0.00  82.00  100.00   12.00 100 3 0.15
36600 0.00  38.00  46.00  38.00  0.00  78.00  100.00   13.00 96 3 0.14
36900 0.00  39.00  45.00  35.00  2.00  82.00  97.00   13.00 92 3 0.14
37200 0.00  37.00  50.00  33.00  2.00  82.00  96.00   15.00 88 3 0.12
37500 0.00  37.00  48.00  35.00  1.00  87.00  92.00   17.00 85 3 0.11
37800 0.00  39.00  44.00  33.00  3.00  90.00  91.00   14.00 86 3 0.13
38100 0.00  36.00  47.00  36.00  0.00  92.00  89.00   13.00 89 3 0.15
38400 0.00  38.00  46.00  38.00  0.00  96.00  82.00   9.00 96 3 0.20
38700 0.00  40.00  44.00  36.00  2.00  96.00  82.00   7.00 96 55 0.26
39000 0.00  28.00  59.00  28.00  0.00  98.00  87.00   10.00 95 30 0.21
39300 0.00  29.00  61.00  29.00  0.00  98.00  83.00   6.00 98 83 0.30
39600 0.00  34.00  57.00  34.00  0.00  90.00  85.00   8.00 90 57 0.24
39900 0.00  34.00  54.00  34.00  0.00  94.00  84.00   10.00 92 29 0.20
40200 0.00  35.00  51.00  35.00  0.00  91.00  88.00   10.00 89 3 0.18
40500 0.00  32.00  51.00  32.00  0.00  92.00  93.00   11.00 91 4 0.17
40800 0.00  31.00  50.00  31.00  0.00  103.00  85.00   6.00 103 85 0.31
41100 0.00  32.00  54.00  32.00  0.00  94.00  88.00   7.00 93 60 0.27
41400 0.00  34.00  54.00  34.00  0.00  93.00  85.00   7.00 93 59 0.26
41700 0.00  35.00  48.00  35.00  0.00  104.00  78.00   6.00 104 78 0.30
42000 0.00  33.00  54.00  33.00  0.00  102.00  78.00   6.00 102 78 0.30
42300 0.00  33.00  48.00  33.00  0.00  106.00  80.00   6.00 106 80 0.31
42600 0.00  39.00  39.00  37.00  1.00  106.00  78.00   12.00 104 6 0.16
42900 0.00  46.00  35.00  46.00  0.00  95.00  78.00   15.00 92 3 0.12
43200 0.00  46.00  33.00  44.00  1.00  99.00  77.00   17.00 97 3 0.10
43500 0.00  45.00  37.00  41.00  2.00  100.00  75.00   14.00 100 3 0.13
43800 0.00  38.00  41.00  38.00  0.00  105.00  78.00   8.00 105 28 0.24
44100 0.00  37.00  41.00  37.00  0.00  103.00  82.00   8.00 101 29 0.24
44400 0.00  34.00  43.00  32.00  1.00  109.00  81.00   6.00 109 81 0.32
44700 0.00  34.00  42.00  34.00  0.00  105.00  85.00   6.00 105 85 0.32
45000 0.00  39.00  26.00  39.00  0.00  111.00  85.00   6.00 111 85 0.33
45300 0.00  34.00  40.00  34.00  0.00  108.00  84.00   6.00 108 84 0.32
45600 0.00  38.00  34.00  38.00  0.00  102.00  88.00   6.00 102 88 0.32
45900 0.00  42.00  36.00  42.00  0.00  99.00  81.00   9.00 99 3 0.20
46200 0.00  43.00  35.00  37.00  3.00  105.00  77.00   10.00 104 3 0.18
46500 0.00  38.00  38.00  32.00  3.00  111.00  78.00   9.00 111 3 0.21
46800 0.00  28.00  40.00  26.00  1.00  119.00  86.00   7.00 119 60 0.30
47100 0.00  30.00  33.00  30.00  0.00  118.00  89.00   7.00 118 60 0.31
47400 0.00  29.00  35.00  29.00  0.00  118.00  89.00   6.00 118 89 0.34
47700 0.00  28.00  35.00  26.00  1.00  118.00  92.00   6.00 118 92 0.35
48000 0.00  27.00  38.00  27.00  0.00  121.00  87.00   7.00 121 63 0.31
48300 0.00  30.00  35.00  30.00  0.00  120.00  85.00   12.00 115 5 0.17
48600 0.00  30.00  34.00  30.00  0.00  119.00  87.00   9.00 119 9 0.23
48900 0.00  28.00  37.00  28.00  0.00  115.00  92.00   6.00 115 92 0.34
49200 0.00  31.00  34.00  31.00  0.00  109.00  95.00   6.00 109 95 0.34
49500 3.00  21.00  39.00  25.00  1.00  110.00  101.00   6.00 110 101 0.35
49800 1.00  24.00  39.00  24.00  1.00  114.00  97.00   6.00 114 97 0.35
50100 2.00  26.00  34.00  30.00  0.00  111.00  97.00   6.00 111 97 0.35
50400 0.00  30.00  31.00  30.00  0.00  111.00  98.00   6.00 111 98 0.35
50700 0.00  26.00  40.00  24.00  1.00  114.00  95.00   6.00 114 95 0.35
51000 0.00  23.00  42.00  23.00  0.00  115.00  97.00   6.00 115 97 0.35
51300 0.00  19.00  46.00  19.00  0.00  116.00  100.00   6.00 116 100 0.36
51600 0.00  24.00  37.00  24.00  0.00  118.00  97.00   6.00 118 97 0.36
51900 0.00  30.00  31.00  30.00  0.00  117.00  92.00   6.00 117 92 0.35
52200 0.00  24.00  37.00  24.00  0.00  120.00  95.00   8.00 120 34 0.28
52500 0.00  21.00  44.00  21.00  0.00  120.00  94.00   6.00 120 94 0.36
52800 0.00  21.00  43.00  21.00  0.00  119.00  96.00   6.00 119 96 0.36
53100 0.00  20.00  42.00  20.00  0.00  120.00  98.00   6.00 120 98 0.36
53400 0.00  24.00  36.00  20.00  2.00  124.00  94.00   6.00 124 94 0.36
53700 0.00  23.00  42.00  19.00  2.00  123.00  91.00   6.00 123 91 0.36
54000 0.00  23.00  46.00  19.00  2.00  124.00  86.00   6.00 124 86 0.35
54300 0.00  25.00  39.00  19.00  3.00  127.00  87.00   6.00 127 87 0.36
54600 0.00  20.00  41.00  14.00  3.00  128.00  94.00   6.00 128 94 0.37
54900 0.00  21.00  39.00  15.00  3.00  126.00  96.00   6.00 126 96 0.37
55200 0.00  22.00  39.00  16.00  3.00  126.00  94.00   6.00 126 94 0.37
55500 0.00  20.00  41.00  18.00  1.00  125.00  95.00   6.00 125 95 0.37
55800 0.00  19.00  43.00  19.00  0.00  124.00  95.00   6.00 124 95 0.36
56100 0.00  23.00  42.00  23.00  0.00  120.00  92.00   6.00 120 92 0.35
56400 0.00  25.00  37.00  25.00  0.00  124.00  89.00   6.00 124 89 0.35
56700 0.00  30.00  34.00  28.00  1.00  123.00  84.00   7.00 123 58 0.31
57000 0.00  28.00  36.00  22.00  3.00  120.00  91.00   6.00 120 91 0.35
57300 0.00  25.00  36.00  23.00  1.00  123.00  92.00   6.00 123 92 0.36
57600 0.00  24.00  32.00  24.00  0.00  130.00  90.00   9.00 130 3 0.24
57900 0.00  31.00  32.00  31.00  0.00  123.00  83.00   12.00 123 6 0.18
58200 0.00  30.00  37.00  30.00  0.00  121.00  82.00   10.00 120 31 0.23
58500 0.00  32.00  33.00  32.00  0.00  121.00  82.00   14.00 120 3 0.15
58800 0.00  28.00  38.00  28.00  0.00  124.00  82.00   7.00 124 55 0.30
59100 0.00  23.00  45.00  21.00  1.00  115.00  95.00   7.00 114 64 0.31
59400 0.00  19.00  47.00  19.00  0.00  120.00  95.00   8.00 118 33 0.28
59700 0.00  26.00  39.00  26.00  0.00  120.00  89.00   6.00 120 89 0.35
60000 0.00  29.00  34.00  27.00  1.00  120.00  89.00   6.00 120 89 0.35
60300 0.00  26.00  39.00  26.00  0.00  120.00  89.00   6.00 120 89 0.35
60600 0.00  25.00  42.00  21.00  2.00  124.00  86.00   7.00 124 58 0.31
60900 0.00  26.00  38.00  24.00  1.00  124.00  87.00   8.00 124 31 0.27
61200 0.00  21.00  41.00  21.00  0.00  124.00  93.00   6.00 124 93 0.36
61500 0.00  27.00  37.00  27.00  0.00  124.00  85.00   7.00 123 57 0.31
61800 0.00  29.00  34.00  25.00  2.00  124.00  86.00   7.00 123 59 0.31
62100 0.00  25.00  34.00  25.00  0.00  125.00  91.00   7.00 125 61 0.32
62400 0.00  30.00  25.00  28.00  1.00  127.00  89.00   6.00 127 89 0.36
62700 0.00  29.00  27.00  27.00  1.00  129.00  87.00   6.00 129 87 0.36
63000 0.00  19.00  41.00  19.00  0.00  132.00  89.00   6.00 132 89 0.37
63300 0.00  23.00  34.00  23.00  0.00  130.00  90.00   6.00 130 90 0.37
63600 0.00  26.00  32.00  26.00  0.00  128.00  88.00   6.00 128 88 0.36
63900 0.00  27.00  30.00  25.00  1.00  125.00  92.00   6.00 125 92 0.36
64200 0.00  23.00  35.00  23.00  0.00  127.00  92.00   6.00 127 92 0.36
64500 0.00  26.00  31.00  26.00  0.00  123.00  94.00   6.00 123 94 0.36
64800 0.00  26.00  27.00  26.00  0.00  132.00  89.00   6.00 132 89 0.37
65100 0.00  23.00  28.00  23.00  0.00  142.00  84.00   6.00 142 84 0.38
65400 0.00  20.00  30.00  20.00  0.00  148.00  82.00   6.00 148 82 0.38
65700 0.00  18.00  33.00  18.00  0.00  148.00  83.00   6.00 148 83 0.39
66000 0.00  18.00  34.00  18.00  0.00  151.00  79.00   6.00 151 79 0.38
66300 0.00  20.00  30.00  20.00  0.00  150.00  80.00   6.00 150 80 0.38
66600 0.00  24.00  26.00  24.00  0.00  142.00  84.00   6.00 142 84 0.38
66900 0.00  29.00  23.00  29.00  0.00  127.00  92.00   6.00 127 92 0.36
67200 0.00  28.00  24.00  28.00  0.00  129.00  91.00   6.00 129 91 0.37
67500 0.00  26.00  28.00  26.00  0.00  140.00  80.00   6.00 140 80 0.37
67800 0.00  25.00  29.00  25.00  0.00  139.00  82.00   7.00 139 56 0.33
68100 0.00  22.00  36.00  22.00  0.00  138.00  82.00   6.00 138 82 0.37
68400 0.00  21.00  38.00  21.00  0.00  139.00  81.00   6.00 139 81 0.37
68700 0.00  21.00  34.00  21.00  0.00  142.00  82.00   6.00 142 82 0.37
69000 0.00  22.00  33.00  22.00  0.00  142.00  81.00   6.00 142 81 0.37
69300 0.00  22.00  37.00  22.00  0.00  140.00  79.00   6.00 140 79 0.36
69600 0.00  19.00  35.00  19.00  0.00  140.00  87.00   6.00 140 87 0.38
69900 0.00  18.00  35.00  18.00  0.00  141.00  88.00   6.00 141 88 0.38
70200 0.00  18.00  36.00  18.00  0.00  137.00  91.00   6.00 137 91 0.38
70500 0.00  20.00  31.00  20.00  0.00  142.00  87.00   6.00 142 87 0.38
70800 0.00  27.00  20.00  25.00  1.00  141.00  86.00   6.00 141 86 0.38
71100 0.00  17.00  35.00  17.00  0.00  144.00  87.00   6.00 144 87 0.39
71400 0.00  17.00  31.00  17.00  0.00  149.00  86.00   6.00 149 86 0.39
71700 0.00  22.00  28.00  22.00  0.00  144.00  84.00   6.00 144 84 0.38
72000 0.00  18.00  36.00  18.00  0.00  140.00  88.00   6.00 140 88 0.38
72300 0.00  16.00  35.00  16.00  0.00  144.00  89.00   6.00 144 89 0.39
72600 0.00  18.00  32.00  18.00  0.00  141.00  91.00   6.00 141 91 0.39
72900 0.00  19.00  37.00  19.00  0.00  127.00  98.00   6.00 127 98 0.38
73200 0.00  21.00  31.00  21.00  0.00  122.00  105.00   6.00 122 105 0.38
73500 0.00  26.00  26.00  24.00  1.00  121.00  102.00   6.00 121 102 0.37
73800 0.00  19.00  27.00  19.00  0.00  133.00  102.00   6.00 133 102 0.39
74100 0.00  18.00  27.00  18.00  0.00  136.00  101.00   6.00 136 101 0.40
74400 0.00  18.00  33.00  18.00  0.00  126.00  105.00   6.00 126 105 0.39
74700 0.00  19.00  29.00  19.00  0.00  132.00  101.00   6.00 132 101 0.39
75000 0.00  21.00  28.00  21.00  0.00  129.00  101.00   6.00 129 101 0.38
75300 0.00  19.00  28.00  19.00  0.00  133.00  101.00   6.00 133 101 0.39
75600 0.00  19.00  29.00  19.00  0.00  131.00  102.00   6.00 131 102 0.39
75900 0.00  15.00  33.00  15.00  0.00  133.00  104.00   6.00 133 104 0.40
76200 0.00  15.00  33.00  15.00  0.00  133.00  104.00   6.00 133 104 0.40
76500 0.00  16.00  34.00  16.00  0.00  127.00  107.00   6.00 127 107 0.39
76800 0.00  15.00  36.00  15.00  0.00  126.00  108.00   6.00 126 108 0.39
77100 0.00  17.00  34.00  17.00  0.00  126.00  106.00   6.00 126 106 0.39
77400 0.00  17.00  29.00  17.00  0.00  131.00  106.00   6.00 131 106 0.40
77700 0.00  17.00  31.00  17.00  0.00  132.00  103.00   6.00 132 103 0.39
78000 0.00  19.00  30.00  19.00  0.00  131.00  101.00   8.00 131 39 0.30
78300 0.00  24.00  26.00  24.00  0.00  131.00  95.00   9.00 131 5 0.25
78600 0.00  21.00  29.00  21.00  0.00  131.00  98.00   6.00 131 98 0.38
78900 0.00  25.00  25.00  25.00  0.00  126.00  99.00   6.00 126 99 0.38
79200 0.00  24.00  26.00  24.00  0.00  128.00  98.00   7.00 128 69 0.34
79500 0.00  18.00  36.00  18.00  0.00  131.00  97.00   6.00 131 97 0.38
79800 0.00  19.00  32.00  19.00  0.00  131.00  99.00   6.00 131 99 0.38
80100 0.00  23.00  28.00  23.00  0.00  127.00  99.00   6.00 127 99 0.38
80400 0.00  20.00  32.00  20.00  0.00  125.00  103.00   6.00 125 103 0.38
80700 0.00  18.00  35.00  18.00  0.00  127.00  102.00   6.00 127 102 0.38
81000 0.00  20.00  31.00  20.00  0.00  130.00  99.00   6.00 130 99 0.38
81300 0.00  23.00  27.00  23.00  0.00  127.00  100.00   6.00 127 100 0.38
81600 0.00  30.00  20.00  30.00  0.00  119.00  101.00   6.00 119 101 0.37
81900 0.00  25.00  24.00  25.00  0.00  117.00  109.00   6.00 118 108 0.38
82200 0.00  22.00  22.00  22.00  0.00  127.00  107.00   6.00 127 107 0.39
82500 0.00  21.00  24.00  21.00  0.00  123.00  111.00   6.00 123 111 0.39
82800 0.00  22.00  24.00  22.00  0.00  118.00  114.00   6.00 118 114 0.39
83100 0.00  20.00  30.00  20.00  0.00  117.00  113.00   6.00 117 113 0.38
83400 0.00  23.00  21.00  23.00  0.00  118.00  115.00   6.00 119 114 0.39
83700 0.00  25.00  23.00  19.00  3.00  114.00  116.00   6.00 116 114 0.38
84000 0.00  24.00  24.00  20.00  2.00  114.00  116.00   6.00 116 114 0.38
84300 0.00  23.00  19.00  23.00  0.00  108.00  127.00   6.00 127 108 0.39
84600 0.00  28.00  15.00  28.00  0.00  106.00  123.00   6.00 123 106 0.38
84900 0.00  18.00  31.00  18.00  0.00  109.00  124.00   6.00 124 109 0.39
85200 0.00  17.00  32.00  17.00  0.00  106.00  128.00   6.00 128 106 0.39
85500 0.00  15.00  37.00  15.00  0.00  105.00  128.00   6.00 128 105 0.39
85800 0.00  17.00  33.00  17.00  0.00  105.00  128.00   6.00 128 105 0.39
86100 0.00  17.00  34.00  17.00  0.00  108.00  124.00   6.00 124 108 0.39
86400 0.00  17.00  35.00  17.00  0.00  108.00  123.00   6.00 123 108 0.39
86700 0.00  18.00  33.00  18.00  0.00  109.00  122.00   6.00 122 109 0.39
87000 0.00  18.00  35.00  18.00  0.00  113.00  116.00   6.00 116 113 0.38
87300 0.00  16.00  36.00  14.00  1.00  111.00  122.00   6.00 122 111 0.39
87600 0.00  14.00  35.00  14.00  0.00  110.00  127.00   6.00 127 110 0.40
87900 0.00  14.00  35.00  14.00  0.00  109.00  128.00   6.00 128 109 0.40
88200 0.00  17.00  31.00  17.00  0.00  109.00  126.00   6.00 126 109 0.39
88500 0.00  17.00  31.00  17.00  0.00  112.00  123.00   6.00 123 112 0.39
88800 0.00  19.00  29.00  19.00  0.00  117.00  116.00   6.00 118 115 0.39
89100 0.00  16.00  34.00  16.00  0.00  119.00  115.00   6.00 119 115 0.39
89400 0.00  25.00  21.00  25.00  0.00  112.00  117.00   6.00 117 112 0.38
89700 0.00  20.00  28.00  18.00  1.00  116.00  117.00   6.00 117 116 0.39
90000 0.00  26.00  18.00  24.00  1.00  116.00  115.00   6.00 116 115 0.39
90300 0.00  27.00  21.00  27.00  0.00  118.00  107.00   6.00 118 107 0.38
90600 0.00  24.00  21.00  24.00  0.00  124.00  107.00   6.00 124 107 0.39
90900 0.00  30.00  19.00  30.00  0.00  125.00  96.00   6.00 125 96 0.37
91200 0.00  33.00  17.00  31.00  1.00  126.00  92.00   6.00 126 92 0.36
91500 0.00  27.00  18.00  27.00  0.00  128.00  100.00   6.00 128 100 0.38
91800 0.00  24.00  18.00  24.00  0.00  126.00  108.00   6.00 126 108 0.39
92100 0.00  26.00  17.00  26.00  0.00  129.00  102.00   6.00 129 102 0.39
92400 0.00  19.00  28.00  19.00  0.00  134.00  100.00   6.00 134 100 0.39
92700 0.00  21.00  22.00  21.00  0.00  136.00  100.00   6.00 136 100 0.39
93000 0.00  24.00  18.00  24.00  0.00  131.00  103.00   6.00 131 103 0.39
93300 0.00  23.00  20.00  23.00  0.00  130.00  104.00   6.00 130 104 0.39
93600 0.00  22.00  23.00  22.00  0.00  133.00  100.00   6.00 133 100 0.39
93900 0.00  24.00  21.00  24.00  0.00  131.00  100.00   6.00 131 100 0.39
94200 0.00  28.00  21.00  28.00  0.00  127.00  96.00   6.00 127 96 0.37
94500 0.00  25.00  21.00  25.00  0.00  131.00  98.00   6.00 131 98 0.38
94800 0.00  22.00  26.00  22.00  0.00  127.00  103.00   6.00 127 103 0.38
95100 0.00  27.00  20.00  27.00  0.00  126.00  100.00   6.00 126 100 0.38
95400 0.00  24.00  27.00  24.00  0.00  126.00  99.00   6.00 126 99 0.38
95700 0.00  26.00  23.00  26.00  0.00  131.00  94.00   6.00 131 94 0.38
96000 0.00  25.00  22.00  25.00  0.00  135.00  93.00   6.00 135 93 0.38
96300 0.00  23.00  24.00  23.00  0.00  137.00  93.00   7.00 137 64 0.34
96600 0.00  20.00  33.00  20.00  0.00  136.00  91.00   6.00 136 91 0.38
96900 0.00  16.00  42.00  16.00  0.00  128.00  98.00   6.00 128 98 0.38
97200 0.00  16.00  45.00  16.00  0.00  123.00  100.00   6.00 123 100 0.37
97500 0.00  19.00  38.00  19.00  0.00  119.00  105.00   6.00 119 105 0.37
97800 0.00  19.00  39.00  19.00  0.00  122.00  101.00   6.00 122 101 0.37
98100 0.00  17.00  43.00  17.00  0.00  115.00  108.00   6.00 115 108 0.37
98400 0.00  21.00  32.00  21.00  0.00  118.00  108.00   6.00 118 108 0.38
98700 0.00  22.00  33.00  22.00  0.00  123.00  100.00   6.00 123 100 0.37
99000 0.00  26.00  23.00  26.00  0.00  126.00  99.00   6.00 126 99 0.38
99300 0.00  21.00  26.00  21.00  0.00  125.00  107.00   6.00 125 107 0.39
99600 0.00  24.00  26.00  24.00  0.00  122.00  104.00   6.00 122 104 0.38
99900 0.00  22.00  30.00  22.00  0.00  119.00  107.00   6.00 119 107 0.38
Nr.Partic 200, System size: 20.00,
Program ran: 8.00 seconds, 0.13 minutes.
